0 0 0 0 0 0 0 0 0
-0.456251 -0.0451734 0 0.886747 0.0877967 0 0.92009 0.091098 0
0.548298 1.0356 0.0981556 0.664802 -0.159324 -0.0224434 1.12588 0.301752 0.0191316
1.08449 1.97947 0.246217 0.0727343 -1.40544 -0.219615 0.492932 -1.128 -0.207809
0.49126 -0.103254 -0.233857 0.13557 -0.885686 -0.0962077 0.449456 -0.964135 -0.165744
0.190431 -0.913238 -0.472842 -0.302643 -1.84204 -0.383846 0.15349 -1.52104 -0.329907
0.508917 0.0993683 -0.0599451 -0.642805 -2.28378 -0.540979 -0.599642 -3.10847 -0.935465
0.592355 0.273249 0.0272036 -0.256672 -0.834022 0.187633 -0.0261692 -1.03787 0.113052
0.663232 0.377869 0.0866665 0.0928551 0.197676 0.778723 -0.148097 -1.06901 0.0882844
-0.21418 -1.69312 -1.32369 -0.118359 -0.249323 0.422771 -0.189894 -0.912245 0.188612
-0.599635 -2.30925 -1.69105 0.386518 0.97877 1.32324 -0.796731 -2.04742 -0.687727
-0.582175 -1.92574 -1.23743 0.0734106 0.196724 0.57267 -0.998917 -2.11051 -0.683058
-1.09839 -2.76774 -1.85559 0.0305991 0.11532 0.453324 -1.01552 -1.74727 -0.311651
-0.544297 -1.11603 -0.238099 -0.15792 -0.281716 0.0638722 -1.08335 -1.54205 -0.103547
-0.191963 -0.121864 0.661592 0.365839 0.935729 1.13421 -0.994589 -1.01929 0.367619
-0.34299 -0.356375 0.398463 -0.111406 -0.187002 0.0523962 -0.869269 -0.490402 0.798301
-0.168499 0.130132 0.7818 0.34228 0.822367 0.914169 -0.141485 1.24069 2.21546
-0.184285 0.148515 0.731804 0.775433 1.64242 1.52338 0.0574735 1.61773 2.34547
0.517347 1.6092 1.85707 0.518627 0.944115 0.83351 0.152006 1.71643 2.2353
1.00365 2.43263 2.35736 0.719572 1.23626 0.99731 0.223142 1.74298 2.08077
1.3842 2.92884 2.5547 0.185311 0.0877571 0.0516109 0.391875 1.9405 2.07277
1.17631 2.26577 1.88318 0.311202 0.307735 0.20866 0.48662 1.96562 1.9396
1.3846 2.4217 1.86033 0.422803 0.471813 0.309664 0.351754 1.57235 1.52544
0.644632 0.927359 0.716911 0.296197 0.205443 0.107339 -0.0827681 0.712442 0.836509
0.85606 1.19514 0.845693 0.338518 0.252153 0.130967 -0.627724 -0.221927 0.167925
0.867681 1.10755 0.736508 0.6111 0.659958 0.381295 0.113796 1.01348 0.94078
0.646556 0.669532 0.422936 0.703146 0.73825 0.405908 0.387624 1.37347 1.10375
0.361138 0.186639 0.111702 0.302058 0.0710144 -0.0135615 0.213771 1.02002 0.828877
0.517611 0.396491 0.225645 0.124375 -0.196747 -0.166343 0.142612 0.853262 0.685705
0.29234 0.0493553 0.0203081 -0.108883 -0.51144 -0.331889 0.166776 0.83648 0.638299
0.517925 0.349646 0.180868 -0.110239 -0.477329 -0.295659 0.412721 1.11969 0.756397
0.545017 0.357418 0.175482 0.473537 0.320544 0.136396 0.170216 0.73088 0.513879
0.494877 0.265814 0.120157 0.219147 -0.0298764 -0.0481331 -0.189264 0.23249 0.235215
0.552135 0.315676 0.138792 0.778799 0.659451 0.293649 -0.217806 0.192117 0.203755
0.578623 0.323467 0.135877 0.672493 0.482388 0.194842 -0.531233 -0.186147 0.0129441
0.554501 0.271274 0.105248 0.652863 0.42281 0.158028 -0.139025 0.293721 0.235783
0.705685 0.422368 0.168964 0.727416 0.475181 0.174603 0.0521627 0.500655 0.318892
0.544116 0.214489 0.0697214 0.599209 0.298836 0.0890346 0.336356 0.790762 0.4329
0.582105 0.239227 0.0773668 0.468537 0.135277 0.014818 0.509378 0.934965 0.476326
0.779368 0.428418 0.153521 0.590609 0.250384 0.0625053 0.522563 0.898526 0.441042
1.03255 0.658478 0.241453 0.486991 0.125307 0.00872131 0.859305 1.19464 0.544253
0.965013 0.549781 0.188335 0.729677 0.355395 0.100376 0.813765 1.08474 0.478543
0.814201 0.368543 0.110184 0.788489 0.388058 0.109214 0.401083 0.625919 0.280628
1.20223 0.713029 0.237495 0.722658 0.299619 0.0712798 0.047259 0.258563 0.129665
0.854234 0.347695 0.0922397 0.458899 0.0341925 -0.0304721 0.0451336 0.245565 0.119971
1.14233 0.586741 0.176178 0.552094 0.112593 -0.000724674 -0.223959 -0.0088471 0.02267
1.39765 0.778865 0.23856 0.744133 0.272947 0.056624 -0.247835 -0.0269822 0.0153767
1.65421 0.95789 0.292875 0.842439 0.340277 0.0782101 -0.43462 -0.185309 -0.040582
1.58805 0.849489 0.245662 0.825426 0.304703 0.06333 -0.195711 0.0295086 0.0344705
1.52437 0.750288 0.204071 0.961979 0.399374 0.0930152 -0.0231248 0.174215 0.0819395
1.60699 0.776887 0.206111 1.0998 0.488543 0.119328 0.0518548 0.229372 0.0974116
1.87114 0.946632 0.254298 1.13093 0.486299 0.114747 -0.0776094 0.117224 0.0580279
2.11433 1.08854 0.291224 0.925024 0.298148 0.0514641 0.148839 0.291429 0.111413
2.05919 0.9915 0.25197 0.940852 0.292534 0.0481163 -0.0470641 0.129436 0.0575457
1.87285 0.801169 0.186134 1.07664 0.377769 0.0726828 0.082977 0.223593 0.0845492
1.69917 0.631702 0.12971 1.02533 0.31902 0.0528777 0.0313607 0.177226 0.0681029
1.86303 0.717942 0.151304 1.19254 0.422775 0.0818982 -0.15252 0.0373294 0.0248648
2.06792 0.828213 0.17886 1.39821 0.547755 0.115724 0.0408263 0.175351 0.0641201
2.21301 0.889828 0.19131 1.41583 0.533234 0.108295 0.00431572 0.143805 0.0533129
2.11467 0.779651 0.15511 1.55812 0.605473 0.125487 -0.0631711 0.0926224 0.0374916
2.32077 0.882126 0.179056 1.78271 0.729359 0.156145 -0.180233 0.0106386 0.0138846
2.5783 1.01304 0.209669 1.83796 0.733168 0.152947 -0.122663 0.0497405 0.0241013
2.54048 0.942662 0.185318 1.81521 0.685392 0.136132 -0.18655 0.00694114 0.0120488
2.48962 0.867444 0.160716 1.87195 0.69138 0.134131 -0.285747 -0.0563842 -0.00488512
2.76556 1.0038 0.191795 1.76837 0.594979 0.105758 -0.448619 -0.156841 -0.030714
2.673 0.902224 0.161068 2.29581 0.898446 0.180284 -0.385537 -0.110612 -0.0181697
2.64385 0.84476 0.142628 2.36365 0.902907 0.176884 -0.174625 0.0243764 0.0161196
2.72954 0.859755 0.142809 2.48113 0.937101 0.18096 -0.252891 -0.0230001 0.00402193
2.76488 0.843757 0.13544 2.48595 0.902041 0.168023 -0.230326 -0.00772883 0.00764053
2.82853 0.84509 0.132511 2.6887 0.985161 0.183932 -0.0289693 0.112136 0.0362108
2.93289 0.869872 0.135238 2.72615 0.968091 0.175545 -0.173998 0.0250236 0.0147523
3.04924 0.900201 0.139157 2.87471 1.01527 0.182453 -0.161747 0.0320799 0.0160539
3.02445 0.849315 0.124252 3.0048 1.04964 0.186162 -0.0317218 0.105264 0.0325179
2.90423 0.747554 0.0983427 3.01707 1.01666 0.174454 -0.0428372 0.0964693 0.0297846
2.86779 0.69634 0.0846752 2.98248 0.959296 0.157707 0.15707 0.203904 0.0531702
2.84957 0.657224 0.0741622 3.07036 0.970712 0.156745 0.183604 0.212548 0.0539053
2.90074 0.656861 0.072466 3.02472 0.910113 0.140112 0.228477 0.230561 0.0566577
3.0877 0.72807 0.0862353 3.17568 0.955746 0.146919 0.123824 0.16887 0.0421576
3.0551 0.681816 0.074571 3.26959 0.969569 0.146735 0.0353031 0.11821 0.0304937
3.10554 0.680157 0.0726574 3.39101 0.996816 0.149374 -0.10854 0.0412557 0.0137007
3.13641 0.668573 0.0687495 3.35741 0.944115 0.135351 -0.16725 0.0107385 0.00708987
3.10186 0.624628 0.0583419 3.50739 0.985498 0.141054 -0.182579 0.00322701 0.00540634
3.19317 0.64474 0.0612307 3.45749 0.926124 0.126186 -0.266189 -0.0377787 -0.00300011
3.36931 0.705468 0.0721485 3.35923 0.845407 0.107525 -0.257528 -0.0319964 -0.001784
3.32532 0.657347 0.0612142 3.56028 0.912448 0.118647 -0.236707 -0.0205696 0.00050918
3.45603 0.694488 0.0672728 3.49398 0.849099 0.103957 -0.202881 -0.00338818 0.00385506
3.40169 0.642809 0.0559953 3.67417 0.904453 0.112638 -0.0908738 0.0500044 0.01409
3.57794 0.700625 0.0659639 3.94094 0.997949 0.128337 -0.0505124 0.0679045 0.0172383
3.70344 0.732781 0.070789 4.14811 1.06028 0.137681 -0.0648691 0.0598787 0.0153977
3.76166 0.732997 0.0695076 4.28085 1.08623 0.139955 -0.130674 0.0286933 0.00928785
3.93915 0.786911 0.0781805 4.28842 1.05468 0.131543 -0.0892453 0.0470024 0.0124975
3.71874 0.661399 0.0538227 4.34356 1.04539 0.127445 0.120511 0.13966 0.0291967
3.91985 0.726288 0.0645785 4.38839 1.03181 0.122687 0.0698524 0.114086 0.0240465
4.02427 0.746615 0.0670589 4.5016 1.04846 0.123469 0.140766 0.142444 0.0286883
3.98939 0.706052 0.0586925 4.67374 1.08984 0.128608 0.276643 0.197798 0.037978
3.93904 0.660277 0.0496453 4.75097 1.08914 0.126233 0.127687 0.129553 0.0253573
3.95439 0.643831 0.0459327 4.8397 1.09324 0.124754 0.143959 0.13349 0.0256003
4.11772 0.689799 0.0530355 4.72139 1.01053 0.108414 0.171056 0.141799 0.0265872
4.23221 0.713938 0.056237 4.87964 1.04504 0.112437 0.0828812 0.102094 0.0193866
4.45829 0.782937 0.0669038 5.00371 1.0643 0.113787 0.0548772 0.0883763 0.0167514
