0.225155 -2.27171 2.28091
0.300379 -0.358173 0.308187
-1.52979 0.844907 1.24417
0.980775 -0.749736 0.472805
-0.904366 -1.32826 0.894644
-0.304492 0.787099 0.563226
1.33709 -0.640739 0.290527
0.731006 -0.105154 -0.562489
-1.37288 1.31758 0.985429
-0.501425 0.974544 1.01119
0.103373 0.529599 1.33978
1.22436 -0.394023 0.779234
-0.935166 1.94167 -1.49799
-1.49892 -0.289019 -0.680967
1.61582 -0.027041 -2.09693
-0.991865 -0.76224 -0.703986
0.276236 -0.349049 0.470101
-0.537982 -0.670553 0.0319046
1.28263 0.68956 0.226316
1.52985 0.440368 1.31719
0.767553 -2.05211 -0.359951
1.61248 0.195303 -0.635803
0.0645772 0.072464 0.704255
-1.25365 0.749676 0.342651
-1.12924 -0.718749 -1.05324
0.487142 0.0144718 0.652375
2.45265 -0.75085 -0.59645
1.07706 -1.68536 0.928464
-1.92349 -0.174198 -0.197473
1.6916 -0.735744 -0.437609
1.59205 1.36674 -1.07274
0.238372 0.536313 -0.804454
0.571043 -0.353236 -0.868259
1.84718 1.52084 -0.293987
-1.02411 -0.5595 -0.734128
0.777442 1.03219 -0.268323
-0.319779 0.406008 1.32543
2.74956 -0.0593833 0.562923
1.19187 -0.115506 -0.0234219
-0.665504 0.432927 0.550812
-0.517493 -0.600293 0.505232
0.500288 -0.190243 -0.362969
-2.09537 -0.0406083 0.379102
0.305647 -0.777953 -1.45433
0.712299 -0.107056 -0.647707
-1.21637 -0.0342096 1.19774
-2.03015 1.60349 -1.46085
0.828813 1.36332 -0.779907
0.422875 0.691408 -0.646539
-0.226086 -0.803956 -0.132623
1.50052 -0.210645 -0.303025
0.962723 2.5095 0.226845
-1.26694 -0.0765522 0.665461
0.646987 -0.495646 1.36887
0.877654 -0.310117 -0.543041
0.846543 -0.707982 -0.265814
0.479105 -1.22578 -1.02894
-0.407878 -1.27166 0.710916
-1.18642 0.132248 -0.572917
1.0987 -0.867255 -1.46462
0.996174 0.605632 0.812525
1.55213 1.29172 1.21044
0.625442 1.04783 1.37391
0.61588 1.77804 0.451654
-0.497539 -1.02159 0.915026
-0.0814073 0.149145 -1.31829
1.58506 -0.776902 0.510149
0.755629 0.110361 0.190566
-0.162137 0.486897 0.374022
0.701627 0.656904 1.28852
0.414367 0.34025 -1.26383
1.73272 1.16193 1.7674
0.198453 1.92473 -0.458614
-0.61011 0.0423701 -0.0265534
-0.235906 -1.05446 -0.729467
-1.35178 2.17333 1.29361
-0.662657 -0.655699 1.17744
1.17929 -0.170455 -0.263688
-0.0890797 -1.47825 0.447288
0.73107 0.767194 -0.176354
1.82985 2.03894 -0.975877
0.680379 0.272816 -2.21892
1.13527 1.7743 -1.20384
-1.51078 0.417955 0.093041
1.48579 -0.0237282 -0.201799
-0.266279 0.903789 -0.480857
0.363299 1.00304 -1.76085
-0.410606 -0.464833 -0.583968
2.14589 -0.500815 -0.330678
-1.70928 -0.495698 -0.0835383
-0.0299375 -0.448272 -1.32349
0.633756 -1.04957 0.0273213
-0.36613 -0.100716 0.302316
-0.241069 0.662008 1.062
-0.550853 0.167291 -0.513074
-1.62914 -0.166842 -0.63069
2.56947 0.860758 -0.710097
-0.301167 0.0761259 0.771381
-1.57703 -0.785688 0.11133
-0.967542 1.28833 -1.67438
0.357888 1.12305 0.853839
-0.784963 -0.805637 1.19553
1.3703 0.180723 0.251676
1.08894 -0.974043 -0.0051099
-0.0175568 -1.32779 -0.815492
-0.0557851 0.180508 0.80067
0.329829 0.214688 1.58379
-0.797478 1.00723 -0.924168
-2.20675 -1.44259 1.28807
-0.145748 -0.648711 -0.994425
0.41274 2.10517 -1.37166
0.0814627 -0.498901 -0.449586
-0.555816 -1.73099 -1.21548
-1.24721 0.175632 0.672882
-2.26106 1.04914 1.39575
-0.736304 -0.168116 -0.541419
0.336232 0.350589 0.0453939
2.78709 0.152985 2.33064
0.552176 0.774818 0.594449
-1.68024 -0.0817373 -0.665928
0.111877 -1.45723 0.436005
-0.264761 0.549969 1.98381
1.82409 1.42014 0.412641
-0.40003 -1.01578 -0.403177
0.892003 -0.304919 -0.752498
-1.58616 -1.18615 0.614866
-0.0695704 0.974663 -0.677257
-0.890555 -0.650384 -1.78619
-0.0481162 1.7426 -0.719589
0.974481 -0.523604 -0.887943
1.36726 -0.0467345 2.02123
-0.176641 0.3466 -1.27287
2.20747 -0.556212 0.448966
-0.725513 -0.521626 -0.181587
-0.542711 -1.09086 0.706416
-1.72646 0.272492 -0.418998
1.14177 0.764536 1.13439
0.507316 0.184227 -0.911413
1.85014 -2.30417 -0.898325
0.667533 1.38835 -0.544473
1.24013 0.446077 -1.02389
-2.24712 -0.403548 0.593414
-0.494918 -0.772888 -0.193244
-0.285208 0.779017 -0.88399
-0.846486 2.06091 0.120386
-0.528466 1.02326 -0.273953
0.577354 -0.979539 0.654283
0.414211 -0.208665 0.367956
-1.76979 2.33483 1.11792
-0.603601 -1.18286 -0.442709
-2.23351 0.451698 1.34043
1.08153 0.165392 1.51025
-0.447743 0.621937 -0.279187
-0.122887 -0.945315 -1.11066
0.32857 1.7873 -0.443789
-0.336432 -1.34333 0.229332
-1.21273 0.92579 -0.0800087
0.862111 -1.55462 -1.78782
-0.338291 1.3874 0.0538582
0.23187 1.24234 1.33864
-0.416669 0.222031 -0.130842
-0.32462 0.49129 -0.130924
1.59687 0.247969 -0.112344
0.88057 1.59682 -0.742784
1.15805 -1.22327 0.965667
-0.184478 1.18072 -1.02538
0.806804 1.76997 -0.311905
0.07917 -0.686099 0.70096
-0.509155 0.269878 -0.740129
-0.240158 1.45625 0.202768
-0.621708 1.41044 -0.3281
-0.665191 0.590581 -0.400769
-0.863577 0.333452 0.101788
-0.139908 -0.320489 -0.331045
-0.303555 1.41254 0.810947
1.11363 -1.90206 -0.363089
1.4862 -0.613145 -1.3958
0.378265 1.72583 -1.15992
1.20993 0.909256 -0.0734285
1.87898 -0.316156 0.0186914
1.36435 -1.80958 2.01548
-0.594674 -1.67906 0.0457597
-0.201423 0.731241 0.621359
0.635062 -2.53203 1.32532
-3.06281e-05 1.82545 -0.250106
1.21774 2.42858 2.28093
0.593096 0.513272 -0.376394
0.386039 0.191251 1.4961
1.66521 0.936173 0.0187944
-2.22582 -0.269355 0.186829
-1.31924 0.106294 -1.65455
-0.231664 -0.687019 -0.303349
0.552968 2.03141 -2.12717
1.12334 1.04572 -0.92213
-1.49659 1.01165 0.910171
1.07001 -0.477047 0.649638
-0.0711234 0.68495 0.664722
-1.11839 -1.31993 0.47925
-0.867235 0.868348 -3.30235
1.67131 -1.19058 0.380237
0.515354 0.738343 -0.268723
1.35395 0.472452 0.58755
-0.228609 0.342781 -0.539118
1.4352 0.0668945 0.677589
-0.68636 -0.952272 -0.0455014
0.591108 -1.79313 -0.866225
1.75095 -0.802817 -0.840004
0.571036 -0.186915 -1.00158
1.47241 1.55799 -0.427448
0.0963366 0.563774 0.272457
-0.300111 -1.32151 0.652238
-0.323513 0.322162 -0.15428
-1.59247 -0.0259378 0.482105
-0.661129 0.0273496 0.405788
1.21199 0.741545 -0.293521
0.592463 -0.00544009 0.470363
0.204201 -0.0605489 -0.0386194
-0.4732 -0.398907 0.134038
-0.411493 -0.943595 0.0313533
1.34386 0.602893 -0.386695
-0.849325 0.13228 0.855925
0.513873 -0.335345 -0.645189
1.1841 1.26013 1.98337
0.488739 0.166097 1.75231
1.12646 1.18438 0.327782
1.14966 0.715857 0.648639
0.485077 -1.06172 1.15331
0.0593282 -0.137262 1.50838
0.638359 -0.709492 -0.183582
-1.61916 -0.104375 -1.44675
1.71831 0.674615 -0.63899
1.05681 -2.09007 -1.79368
0.926586 0.499702 -0.229266
-0.323199 -0.494326 0.774477
0.640282 -0.452604 0.863455
0.0957336 -1.7882 0.736729
0.3941 0.168874 0.495187
1.64205 -1.46463 0.465484
0.470901 1.96469 -1.69569
1.13932 0.390487 -2.09828
-0.450888 0.124618 -0.13784
0.185255 -0.676992 -0.889413
1.03296 0.622289 0.708322
-1.63156 -0.266702 0.515056
0.731583 0.233633 -1.23288
-0.433934 -0.202677 -0.391845
0.524496 1.45048 0.305721
-0.963976 -1.36794 -0.0744868
0.194279 1.00766 0.391613
0.600968 1.22259 2.0017
0.926341 -0.717168 0.0415915
-0.343241 0.463922 -1.09279
1.44599 -0.00441619 1.13069
-0.483107 0.925135 0.0167435
0.209944 0.515347 -0.796618
-1.06086 0.417759 -0.769217
1.23261 -0.199471 -0.57831
0.709117 -1.19058 -0.832275
-1.84946 0.784456 -0.770577
-0.203351 0.769857 0.829328
2.0933 -0.0623687 0.0509303
0.91094 1.09053 2.83943
1.67862 1.53968 0.408827
-0.348917 -1.59991 0.93947
0.683399 -0.980408 0.237758
3.071 1.43544 -0.101137
0.356353 1.1776 0.641565
1.09066 0.0112273 0.474021
0.410794 0.393796 1.1629
-0.573581 -0.957721 -0.611734
-0.0196613 -0.0854682 0.0342496
0.184573 0.155819 0.159891
0.833041 0.708349 -0.238094
-0.100655 0.750021 0.405795
1.85988 2.1876 -0.25624
-1.35041 0.57653 0.177522
0.648298 0.0845673 0.899366
-0.526455 -0.209815 0.79701
-0.572817 0.748519 -0.702021
0.896151 -0.383197 -0.333038
0.101668 0.43666 -0.656527
1.81532 0.728613 0.52739
0.774687 -0.608898 1.03037
0.0619145 1.36756 0.679303
-0.0376294 -0.180268 1.19711
1.44383 -1.15109 2.73561
0.814259 1.08847 -0.651997
0.0044613 0.400941 1.14771
0.948593 -0.33365 -0.440259
-0.460858 -0.716125 -0.00711485
1.7104 2.38493 0.720031
1.00346 0.881757 -0.637475
0.747106 -1.237 0.477536
-0.629827 0.63556 -0.0239706
0.755054 1.85444 -1.1922
0.310246 1.24689 -0.879847
1.41056 0.587473 1.00827
1.28245 -0.550038 -0.214906
-0.242937 1.67758 -1.4289
1.16689 0.036196 0.89006
0.488253 0.34801 -0.415194
1.38058 0.554751 -0.837222
1.33232 0.226484 -0.695916
-0.128118 0.0135412 -0.158297
-0.758167 -1.39147 -1.78431
-1.04254 -1.33475 0.190257
-0.0613975 1.58385 0.444317
-0.819357 0.629738 -0.653411
0.521079 2.39377 -0.907631
1.20599 -0.698133 -0.164684
-0.780224 1.98851 -1.96075
1.20754 -1.58822 -1.42913
1.09216 0.456227 0.873876
1.07369 0.317654 0.733437
0.230614 -0.104081 1.87449
0.456879 -0.035676 0.22443
0.657522 0.72812 1.06668
0.926892 0.584412 -0.770883
0.693094 0.857862 -1.43619
0.225076 -0.680732 -1.5482
1.29139 0.434791 -0.0220585
1.29005 0.823039 0.738647
0.80477 0.979814 -0.136806
1.3803 -0.50383 0.186164
0.702984 -1.65335 -0.484626
2.19623 0.794269 0.214791
-1.40042 1.13873 -0.728059
0.478615 1.34207 -0.43193
0.292247 -0.656233 -0.147072
0.651636 2.60373 -0.385788
1.70892 1.11979 -0.481447
1.17871 -0.13308 -0.468432
-1.6246 1.35186 -0.941682
1.38387 1.65928 -0.338219
-0.0725025 1.64959 0.640373
-0.1093 1.12464 0.173359
0.0554219 -0.195027 -2.65106
0.356959 2.06847 1.06848
1.00605 -0.681309 -0.0265702
0.561622 0.0960654 -1.64439
0.394829 0.309389 0.252222
1.87383 -1.39285 0.73275
0.510437 -0.69796 -0.0726692
0.202463 2.344 0.104547
-1.14449 0.486648 -0.277713
0.383351 -0.154679 0.0776588
-0.550755 0.930822 0.475493
1.9276 0.702674 -0.461298
0.41769 -1.27191 -0.33861
0.359674 0.418697 1.27841
-1.4274 -0.235461 -0.480241
0.369874 2.36758 -0.242464
0.4425 0.0747074 1.23743
0.450475 1.16286 0.46529
1.06629 0.0430729 0.0917565
1.52531 -0.0273977 1.77453
-0.765362 -0.368648 -1.88296
-0.126355 0.692724 0.171106
0.0203234 0.592189 -0.0625974
1.14667 0.842136 0.627372
2.54244 -0.809997 -0.581785
0.854063 0.569612 -0.0683556
0.513237 1.41096 1.02281
-0.0438794 0.154071 -2.18348
0.579928 -1.68856 -0.20182
0.85763 1.92362 1.06442
-1.67483 1.7992 -0.307644
1.00706 0.57346 0.806358
-0.201785 -0.0439195 1.19323
2.2275 0.987152 -0.317566
1.40521 0.658765 -0.737564
1.9695 1.06727 -0.544525
-0.57067 0.576974 0.264404
1.48919 1.74463 -0.0123837
1.00835 -0.0588649 2.84551
1.66722 1.8301 -0.406382
1.73992 0.549234 0.448001
1.4647 0.437229 1.6257
2.4108 0.719699 -1.38602
0.644385 -0.136045 0.863138
0.863515 1.34658 -0.173992
2.64452 1.36428 -1.00155
0.499994 0.721678 -0.0109272
0.171308 1.48685 0.0878301
0.778305 0.963684 -0.960727
0.963652 0.591927 1.08563
2.89352 2.37672 1.28731
0.278149 -0.619243 -0.421217
1.4505 1.01087 0.211616
-2.10386 0.161244 0.336284
1.62852 0.71171 -0.413209
-0.80218 0.258037 0.596114
0.863257 0.310876 -0.982883
0.827753 1.23958 -1.62023
1.69717 -0.45508 0.705621
3.21915 1.81537 -0.418856
-0.0852464 0.864165 0.154886
1.32085 1.50281 0.734249
1.86937 -0.024853 1.84152
0.87113 0.43937 0.674297
-0.365361 0.0568624 -0.249922
2.00709 2.19915 1.24783
1.01307 -0.0635222 -0.0958673
-0.543193 1.25475 1.56955
1.35875 0.284456 -0.605053
0.977643 2.21749 1.19613
-1.03113 0.922551 -0.997028
1.1792 0.23725 -0.967475
0.596313 0.289082 1.63567
0.420078 1.66995 0.13966
2.54745 0.780384 -0.544654
1.6971 -0.206291 -0.75501
1.98688 1.39948 -0.439807
0.872127 0.567739 2.14364
0.454105 0.283856 -1.53222
1.7762 0.886311 -0.95735
1.09772 1.18372 0.0380903
0.603172 0.968894 -0.154799
-0.318102 0.577959 -0.214535
-0.0486201 0.886061 -1.78398
-1.7963 2.23727 0.168505
0.083664 1.06063 -1.55195
2.80828 0.295474 0.688397
2.11823 0.849092 -0.616919
0.407987 0.809279 -0.0809771
1.00967 1.73993 -0.0755393
1.915 2.05497 -0.266771
-0.437835 -0.787601 1.2125
2.81572 1.61903 -1.09754
2.71242 0.272683 -1.74348
0.951184 -0.229293 -1.02741
1.04678 0.834353 -0.116801
0.868524 1.27484 -0.140799
0.164364 1.19744 -0.098187
0.315497 1.44943 -1.82699
-0.104686 1.4231 1.10369
2.11857 1.29335 1.68811
1.38111 0.260666 0.186142
0.434816 2.05301 1.00394
-0.994162 -0.83591 -0.078218
1.13258 1.28982 -0.630201
-1.46527 -0.92383 -0.410377
2.16427 -0.053561 -1.1911
2.30252 1.34325 0.574362
0.263216 0.985506 -0.0957049
-0.820729 0.25725 0.299394
-0.0950317 2.80239 -0.206669
2.48318 2.07447 -0.154048
1.32108 1.2074 -0.22873
2.28644 0.957563 -1.55021
1.11416 2.44267 -0.454698
1.90999 1.22198 -0.468736
1.79978 2.15726 0.600522
0.3356 1.55562 0.0901969
-0.445269 0.456436 -0.826946
2.61334 1.60982 -0.000409479
1.39604 1.58807 0.412483
2.70529 0.0643643 -0.025169
2.3071 1.58021 -0.354162
0.393956 0.892228 0.632135
1.29405 -0.251964 0.716508
1.90333 0.150217 -0.492066
0.548975 1.38702 -0.0380422
0.726155 -0.333867 1.31403
1.21721 -0.133137 1.58946
0.510457 0.270682 2.17665
0.943389 1.00106 -0.797079
2.66279 1.49549 0.0552325
1.30071 2.65844 -0.342566
2.49998 1.17857 -1.30598
2.53994 2.68614 -0.888167
1.19142 1.28204 -0.543494
2.56799 1.49493 -2.19806
1.03037 1.94366 0.575539
1.34094 0.614773 -0.563187
0.823997 2.23747 0.655849
0.819611 1.25402 -1.22887
-0.0413197 1.71791 -1.71489
0.81072 2.35719 1.2505
0.803873 0.578278 1.05085
1.79876 0.929952 1.4605
0.704623 -0.301378 -0.309385
0.310316 2.7264 1.10272
1.60668 1.3436 0.53627
0.908843 -0.19301 -0.781825
0.529364 0.920358 -1.79173
0.907479 -0.40112 -0.168085
0.945217 2.95583 -0.442714
1.39446 0.933284 -0.685008
0.788494 1.48721 0.816755
-0.143789 0.631661 -0.239553
0.819655 2.17025 -1.90093
1.01541 1.07506 1.48488
1.14678 -0.181767 -1.09548
2.55219 1.33563 -0.781961
1.30354 2.45909 -0.945317
2.75862 1.40866 -2.00395
1.23623 2.06299 -0.861048
0.761777 1.68752 -1.08453
1.64539 1.59512 0.343108
2.81902 1.67266 -0.245654
2.38134 1.59867 0.708348
1.85761 2.44891 -1.10138
1.22109 -0.829168 -0.0643566
0.886836 0.897556 -0.167963
-0.846758 0.675811 2.71105
1.38788 0.185831 0.634561
2.81968 1.52293 -0.26426
1.31571 -1.27918 1.45768
2.83505 1.03931 -0.865425
2.81609 2.30134 -1.93649
0.568793 2.0528 1.07445
0.321396 1.0296 2.02019
1.73184 0.733846 -0.903915
3.48791 1.5445 1.95758
1.85446 1.40835 -0.846715
1.45113 1.13953 -1.61602
1.34568 1.75282 -0.748181
1.7141 2.08596 -0.395036
2.89834 -0.418594 1.2823
2.09046 1.83255 1.53995
2.05743 1.06696 -0.688324
3.66145 0.580293 0.917992
1.33528 1.11268 -1.36496
1.01035 1.15635 0.0495063
2.58769 2.65704 -0.629655
2.83419 3.53003 1.92915
3.22401 0.997232 -0.899781
2.5515 0.895339 -0.232273
1.17557 0.865492 -1.25963
1.69833 1.21002 0.813244
0.569877 0.51658 -0.373822
1.76882 -0.825298 -1.81039
0.909552 2.19643 -0.303825
1.52222 1.90411 -0.612465
2.72316 1.30104 1.74942
1.68664 0.355951 -0.485559
-0.752376 3.11581 1.38067
4.03487 1.45184 -0.262288
0.303339 1.66229 0.726732
2.66903 2.10209 0.011292
1.14768 0.555914 1.30836
1.75917 3.089 0.0767846
2.30714 1.82312 0.293134
1.70216 2.94887 0.797537
3.345 1.6059 0.880548
3.17147 2.6605 1.14894
-0.122823 2.50205 0.256426
1.95319 0.798293 -1.59351
0.276099 0.525819 -0.383436
2.68682 0.159974 0.295434
2.29676 1.05172 1.18228
1.17401 0.473587 0.547186
2.44687 1.17407 1.0273
-0.164774 2.69445 -0.25258
1.10612 0.699964 0.0812946
1.08154 0.460307 0.509687
0.600291 0.0201418 -2.39516
2.51898 1.03321 0.568993
2.43863 1.96611 -1.30507
1.86106 1.09709 -0.108867
-0.746683 0.209813 -0.0167382
1.95389 0.549972 -1.31301
0.678396 1.34655 -0.166332
2.56456 1.57333 -1.58075
-0.141555 3.52476 -0.285069
0.30794 2.53343 -1.89993
1.96342 2.28987 1.4996
0.742304 3.08547 -1.56916
2.84346 2.35023 1.14564
0.874214 0.71572 0.599652
2.56317 1.52155 -0.846433
2.33088 1.3243 0.917322
0.338947 2.83883 0.180655
-0.304256 2.32441 -0.00638865
2.0716 -0.132951 -0.250364
1.25476 1.65891 -0.623148
1.22675 1.81203 -0.910204
0.0100014 1.29341 0.855757
2.58263 1.19528 -0.316528
3.75546 1.36646 0.206357
1.34994 1.21946 1.85325
1.61119 3.35545 -0.200288
2.77072 2.80797 0.775559
2.44259 2.73077 -0.961549
0.669383 1.83892 0.49229
1.60088 0.511241 1.05426
0.879847 2.56402 0.0790568
3.27543 2.36364 -1.3612
0.982054 2.096 -0.558176
1.33061 2.00359 0.26749
2.92864 2.7804 1.17971
1.40966 3.21605 -0.374535
1.17252 0.440899 1.47144
2.25879 0.0332102 -1.51031
2.37984 1.61457 2.12421
2.93284 1.5622 0.820932
2.03634 1.90267 -0.0882695
3.10965 2.79268 -0.957935
1.05196 2.21107 0.634099
0.83322 3.3494 -0.165245
2.6817 2.20026 -0.291911
0.924059 -0.25389 -0.46338
-0.37856 1.11542 0.0547723
3.2251 3.58207 0.0423823
1.38576 0.175291 0.840906
1.19682 2.74875 -0.00100216
3.32136 2.93976 0.396569
1.72185 1.17619 0.493992
3.63928 1.72712 0.231427
2.59998 -0.461392 -1.45603
2.59649 3.91472 -2.51316
2.75862 1.86762 0.0759295
1.95134 3.42705 -0.550841
2.09398 1.49606 -0.628798
0.496646 0.672296 0.0872582
1.86628 1.98802 -0.509555
1.59956 1.69076 -0.275354
2.77597 3.59127 -2.65405
1.65336 1.20265 -0.625636
0.911551 1.20872 -1.10371
1.90748 1.86132 2.92387
1.22816 1.49622 -0.0553288
2.42553 2.89204 1.12031
1.94095 2.64578 -1.53647
1.80232 0.00790042 1.23628
2.91978 2.72283 -2.07655
1.0924 2.5312 -0.606455
2.53489 1.14447 1.10142
1.54826 1.79539 -0.933706
1.39319 2.03962 -1.32186
3.62713 3.13359 1.01197
2.16634 2.88896 0.143952
2.31112 2.58698 1.16861
2.36469 2.49451 -0.722139
0.715163 2.60345 1.15476
-0.316274 2.52707 -0.571275
3.23007 2.58019 0.593226
0.870106 2.15937 0.404618
4.0136 0.628978 -1.48585
0.572869 2.14261 -1.27019
1.27317 2.50839 -1.78829
3.64793 0.676878 0.706276
1.62113 1.1289 0.721947
1.41013 3.63871 0.805188
1.8553 1.70003 -1.28081
2.80833 4.2234 -0.16192
1.25654 3.23736 -0.407044
3.62516 0.888576 -0.396073
1.37902 5.43433 0.142743
1.8855 1.15244 -0.0919426
2.24227 1.30725 0.402069
1.84595 1.98777 0.836055
1.14865 2.58537 -0.560435
1.02267 1.30742 0.591106
2.22438 0.994786 -1.264
4.49468 2.30395 2.02138
0.792545 2.54646 0.198774
0.963583 4.35215 0.0364578
1.83008 2.21358 1.33861
1.08206 2.66485 -1.87939
2.4327 3.6854 -0.375767
2.45247 0.989427 -0.0537139
1.86664 1.03765 -0.397821
2.40676 1.05942 -0.247527
2.9311 3.60854 0.0643814
1.50363 1.91945 -0.439854
3.57595 2.21366 -0.597622
2.64792 1.81164 0.494204
2.73788 2.66949 -0.811961
1.88523 3.81652 -0.43804
3.39427 0.242434 -0.457106
1.95008 1.49266 0.205978
3.27842 2.19834 0.175796
0.84703 3.66563 1.1259
2.7278 0.946895 -1.31397
2.20962 -0.00144834 1.55287
0.600203 0.823805 1.06132
2.9475 1.53054 -0.785119
2.40853 1.86035 -0.0553332
2.1804 2.54369 0.756959
1.96515 2.27807 -0.749741
2.87446 2.69449 1.17004
0.946547 3.13827 -0.673505
4.15884 3.76187 0.571259
2.527 2.37563 -1.14418
2.4727 1.77067 -0.379328
2.58364 2.26711 0.85268
2.6804 3.49321 1.41586
2.31295 2.68872 -0.0398517
1.89406 3.06312 1.54802
1.4158 3.09864 0.164096
3.02478 1.9598 -0.042151
1.27999 3.08124 0.731301
2.41779 2.9617 -1.16645
1.20393 2.60559 -0.350074
1.77666 2.98195 0.166747
2.98582 1.98566 0.334524
3.07701 2.2829 -1.30806
3.35457 1.90298 -0.481084
2.62791 2.22018 -1.11298
2.80288 1.7806 1.32916
1.93335 2.54314 0.113506
2.54484 3.88918 -0.147898
2.1994 3.07698 0.717561
1.82605 3.85866 -0.664954
1.48485 2.2507 -0.985808
1.50607 0.82581 1.149
3.26556 3.25601 -0.089907
2.35231 2.7307 0.0967109
3.4428 2.50576 0.569371
2.68783 2.29781 -0.73231
3.26799 2.64171 -0.313239
1.59321 1.41863 0.0120519
2.09722 2.49764 -0.582138
3.97904 1.86213 0.631033
1.70548 2.60756 0.786136
1.57209 2.89023 0.873464
2.16578 3.21848 0.916751
3.24265 3.84971 -0.201789
2.10597 1.97483 1.90475
2.20256 1.2786 -0.500932
2.57109 4.06925 0.471067
4.01808 1.2344 0.245263
4.19743 3.93987 -0.210269
1.51601 4.16881 -0.523827
3.21383 4.32348 -0.790127
1.2268 2.75108 -0.268702
2.3532 1.12884 0.877285
1.34729 2.31352 -0.207086
3.10856 4.63527 -0.716213
0.685097 2.42298 0.319326
2.84175 3.35557 1.96504
2.64208 2.41983 0.937908
3.63072 0.773186 0.136438
2.26215 2.30619 0.917626
1.19022 3.44846 -0.0443586
3.78622 1.2522 0.854622
2.78609 2.23274 0.610934
2.0116 1.93333 1.62205
2.60536 3.72458 0.17051
2.32495 3.13316 -2.40302
1.77138 2.26091 -0.626017
2.15943 1.50216 -0.863706
3.03566 3.1117 -0.846451
3.25495 3.12657 -0.673178
3.54119 2.48299 -0.127815
1.86449 3.63672 0.82809
3.89997 2.80352 0.875411
2.1634 3.00756 0.231587
2.77347 4.92404 0.369429
2.35004 1.78407 -0.509288
3.91356 1.90839 0.290809
1.31408 2.64524 -0.200442
4.19535 3.13889 -1.0553
2.8431 4.49141 1.12946
1.46049 3.21694 0.491749
1.90106 3.61301 -2.01448
2.78546 1.89427 0.415543
2.98957 4.20296 -2.07863
1.76849 3.53768 1.98318
4.64178 3.99662 0.616204
1.73964 4.04608 0.656314
2.49148 4.95574 1.30011
3.20288 4.19074 1.4442
2.14098 1.79014 0.647515
3.79715 3.07014 0.87624
4.22384 3.38008 1.24025
4.06165 3.6572 -0.90182
2.42317 1.75477 0.578301
2.29635 0.763021 -1.55102
3.44071 3.24528 0.314258
1.18175 2.41721 0.185362
2.05161 2.35386 -0.238638
3.31849 3.16204 -1.42928
4.04312 2.63563 0.863411
4.18268 2.33626 -0.171869
4.23715 3.24361 0.0978571
1.37873 3.36151 0.0137662
2.19689 3.25601 -0.822879
1.52881 2.41294 2.8237
4.51968 3.32433 -0.00831085
2.24299 3.33487 1.33496
1.10795 2.53373 -0.687613
2.73443 2.79109 -0.430233
1.79666 2.33889 0.35483
2.38101 2.86469 -0.811373
2.2801 3.01536 1.09387
1.05779 3.3703 -0.569855
2.95916 3.59288 -1.39308
2.80409 3.96168 1.60454
2.33808 1.44067 -0.669272
4.45863 3.00977 -0.309573
3.09242 1.95528 1.15738
3.44917 2.84773 0.589226
0.750239 2.61518 0.493266
2.96235 3.40877 -1.39383
3.38318 1.41313 -0.00275541
4.67231 3.31262 0.0184702
2.82579 2.24283 -0.692707
2.21178 4.17076 0.160698
3.18132 2.77038 0.907999
2.18279 2.65734 1.07117
3.6574 2.63728 0.804328
1.50043 3.8483 0.876911
2.9423 3.60296 -0.49849
3.49341 3.66243 0.622147
4.72068 4.7954 0.789393
5.43687 1.29566 0.584119
2.24268 3.9782 -0.321559
4.05829 1.74785 -0.761933
4.21977 4.77195 1.22443
4.79802 1.95505 0.61431
5.05871 3.68971 -0.0907065
2.06035 3.96555 -0.307799
2.76247 4.41843 0.718981
4.52149 3.46459 -1.18211
3.92061 2.03359 -0.564719
4.70147 3.41177 1.0299
3.44073 2.18334 -0.986605
2.40559 2.0135 -1.06028
2.33978 4.7001 -0.431232
5.22995 3.38971 0.0642601
2.75366 2.77605 -0.220328
4.55091 2.76769 -1.75484
4.37936 3.06291 -0.655914
2.86192 3.81995 0.218815
3.54538 1.96415 -0.434552
3.29923 3.73347 -0.933753
4.34013 1.69982 -0.14939
3.46751 3.3135 -2.00098
3.48461 3.10658 -1.0272
5.17717 3.04673 1.11099
4.18682 2.32825 2.33073
4.00097 3.63877 0.308641
2.0004 4.98464 -0.070787
3.1017 4.70782 -0.767177
3.47798 2.29131 0.628337
3.98666 3.75132 -1.10532
2.31694 4.58603 -0.0252247
2.19896 5.78314 -0.972054
2.7079 3.68024 0.418435
3.01032 2.71521 1.01312
1.90787 1.98385 -0.808094
1.84947 3.80947 -1.05651
3.98494 3.79806 -0.172926
5.33322 3.16347 -2.12301
4.69199 3.134 1.71055
4.52395 5.19187 1.47398
4.03526 2.08952 0.116996
5.1963 5.02041 -0.416253
5.84134 4.35609 -0.0447944
3.28241 3.31268 -0.23973
2.06735 5.60855 0.366738
3.03032 4.58262 0.928209
3.95792 3.99696 -1.84315
2.67035 3.95487 -0.999036
3.28942 3.8178 -0.985069
3.93108 3.61198 -0.93581
2.28449 4.53414 0.923043
2.37032 2.91426 -1.38042
4.22533 3.95097 -1.57654
4.79962 3.81527 0.225515
4.29295 6.15712 -0.125939
2.78515 3.09831 0.337744
3.1651 4.67114 -0.503172
4.50068 3.1414 0.7175
2.25862 3.64851 0.545348
6.26276 3.4208 0.655449
4.60077 5.55173 0.27252
3.28346 4.31084 -0.146914
3.60472 1.8874 0.743823
2.83823 3.73298 0.680958
3.85855 3.69931 -0.467197
3.20065 4.80028 -0.450458
4.94429 4.80426 -0.641599
5.2766 3.88335 1.21203
4.31313 4.05395 0.188153
5.21938 3.41638 1.95135
4.21601 5.14079 -0.260388
3.27434 3.46003 -0.872222
5.37534 3.11831 0.273582
3.04371 3.64268 1.69932
4.05194 5.63914 0.84215
4.92263 2.91919 -1.45064
4.3796 3.94175 0.354975
4.0544 2.95602 1.82337
4.82148 6.08497 -0.197119
3.62079 4.53081 -0.802365
3.84253 4.20492 -0.215973
3.17446 3.10004 0.278234
3.54214 3.66734 0.426507
4.90493 3.499 -0.153399
2.63443 3.27356 0.0157842
3.77498 5.24743 -2.0775
3.13909 5.66768 0.248555
2.4212 5.40089 -1.55388
4.81471 3.03019 -0.770022
3.78009 4.19544 -1.15146
4.92546 3.33181 0.275769
3.53726 5.24943 -0.315424
4.98432 3.64167 -0.048135
4.03616 3.74663 -0.965104
2.68153 4.40551 -1.16837
4.41007 3.6425 1.63389
5.08574 3.88208 0.989277
7.27104 3.61312 -2.68189
2.50289 3.49032 0.961236
4.78849 2.88986 -1.60608
0.854376 3.86156 2.08426
3.54633 4.39971 -1.74689
5.64954 5.69539 -0.83093
3.40639 2.96315 0.501879
3.55257 4.46318 3.17393
4.00074 4.43697 0.351367
4.96311 6.5681 -0.498745
5.26874 3.41359 -0.776205
3.4448 3.86508 -2.04263
4.36798 4.96354 -0.178623
5.22723 3.81003 -0.556163
2.91159 4.18495 -1.218
4.01769 3.28008 -0.198143
3.08248 3.95698 -0.633274
4.33771 4.65674 -0.777499
1.89013 3.23229 -0.559206
3.00767 3.54651 -0.325313
4.23471 4.36392 0.561133
4.333 2.78827 1.98648
6.22064 3.35452 -0.364647
4.3358 4.59986 0.723745
3.5845 5.42967 -1.19727
4.19921 3.08513 -0.879738
4.49842 2.78969 0.514481
5.33479 4.46383 1.7487
5.55939 3.88013 -0.266516
4.62719 5.66474 0.179383
4.72384 5.74994 0.983977
5.78348 5.53325 2.33662
4.05066 5.18676 -2.6279
2.90411 5.34041 1.48171
3.67921 5.65145 0.255755
4.90136 4.12528 -0.0634897
4.72202 5.18908 0.141026
5.45152 4.23661 1.51503
5.32529 5.18678 -1.5132
2.73819 4.67366 -0.686719
4.34754 4.09315 0.340422
5.34627 4.02219 -0.46051
1.38116 4.72216 -0.911356
2.72732 4.43288 -1.56264
5.80501 5.30161 0.419935
3.67213 5.11848 0.216863
3.70563 5.44761 -0.421739
5.42954 5.9717 -0.0383998
3.5094 4.96074 1.56607
5.37202 2.51971 -0.348169
4.2924 4.13062 0.355622
3.87928 3.58154 1.00436
5.1493 3.70317 -2.61849
3.44118 4.63525 0.177551
3.67308 5.362 1.54039
4.37035 4.31618 -0.80731
3.64591 5.04164 1.088
5.31523 5.70389 -0.0155377
2.77615 4.7459 0.76484
4.52579 5.20654 1.16385
5.78103 4.12016 0.419443
3.20211 4.13607 -0.882011
3.33415 5.12531 -0.198971
5.13073 2.39093 0.311806
4.15584 4.05915 -0.443096
5.29935 5.16247 1.49559
6.84214 5.2714 0.876675
3.7921 5.04241 -1.56706
5.87414 5.01705 -0.0402498
4.78224 3.85264 -0.101515
4.77752 4.19754 1.58739
2.62867 5.04594 0.1001
4.30933 4.11956 0.0295899
4.70311 5.47147 -0.97628
4.60356 4.48949 -0.0596036
5.08229 7.29061 -1.71084
5.59831 4.87808 -0.825548
3.75916 5.46819 -0.493764
3.44964 5.00251 0.680603
5.00661 6.73474 0.0574611
6.29546 5.83844 0.985692
5.25111 5.28076 -0.537381
3.78963 4.69596 -1.60626
6.07596 5.20834 -0.344758
3.33199 6.32088 0.980414
4.81274 6.60224 -0.895558
5.49914 4.32592 -1.82841
4.07587 5.06941 -0.982864
4.0856 4.54133 -2.09985
4.74025 4.5945 2.02187
4.503 6.35596 -0.694078
5.19488 6.33 1.46768
3.41696 5.03599 0.0812833
