1e-05 0.00200001 0.1 1e-05 0.002 0.1 0 1.11227e-08 -6.06674e-07
3.00001e-05 0.00300001 0.0999992 3e-05 0.003 0.100001 1.11227e-10 5.05598e-09 2.59657e-07
6.00001e-05 0.004 0.0999992 5.99999e-05 0.00400001 0.100001 1.61787e-10 7.65255e-09 -8.54154e-07
0.0001 0.00499999 0.0999992 0.0001 0.00500002 0.100002 2.38312e-10 -8.88989e-10 1.36999e-06
0.00015 0.00599998 0.099999 0.00015 0.00600004 0.100003 2.29423e-10 1.28109e-08 1.52421e-06
0.00021 0.00699997 0.0999979 0.000210001 0.00700007 0.100002 3.57531e-10 2.8053e-08 1.57841e-06
0.00028 0.00799995 0.0999962 0.000280001 0.00800009 0.100002 6.38061e-10 4.38371e-08 1.50886e-06
0.000359999 0.00899992 0.0999963 0.000360002 0.00900011 0.100004 1.07643e-09 5.89257e-08 1.66445e-06
0.000449998 0.00999988 0.0999954 0.000450003 0.0100001 0.100004 1.66569e-09 7.55701e-08 1.98368e-06
0.000549997 0.0109998 0.0999952 0.000550005 0.0110002 0.100003 2.42139e-09 9.54069e-08 2.48931e-06
0.000659995 0.0119998 0.0999941 0.000660007 0.0120002 0.100003 3.37546e-09 1.203e-07 2.24694e-06
0.000779993 0.0129997 0.099994 0.000780009 0.0130002 0.100004 4.57846e-09 1.42769e-07 2.64392e-06
0.000909991 0.0139997 0.0999939 0.000910011 0.0140003 0.100005 6.00615e-09 1.69209e-07 2.90842e-06
0.00104999 0.0149996 0.0999949 0.00105001 0.0150003 0.100003 7.69824e-09 1.98293e-07 3.70786e-06
0.00119998 0.0159996 0.0999964 0.00120002 0.0160004 0.100003 9.68117e-09 2.35371e-07 2.87378e-06
0.00135998 0.0169995 0.0999977 0.00136002 0.0170004 0.100002 1.20349e-08 2.64109e-07 4.41186e-06
0.00152997 0.0179995 0.099997 0.00153002 0.0180004 0.1 1.4676e-08 3.08228e-07 4.90581e-06
0.00170997 0.0189995 0.0999963 0.00171003 0.0190004 0.100001 1.77583e-08 3.57286e-07 4.21199e-06
0.00189996 0.0199994 0.0999964 0.00190003 0.0200004 0.100001 2.13311e-08 3.99406e-07 5.0459e-06
0.00209996 0.0209994 0.0999963 0.00210004 0.0210004 0.100001 2.53252e-08 4.49865e-07 5.08526e-06
0.00230995 0.0219994 0.0999951 0.00231004 0.0220004 0.0999993 2.98238e-08 5.00717e-07 5.44446e-06
0.00252995 0.0229993 0.0999954 0.00253005 0.0230004 0.099998 3.4831e-08 5.55162e-07 7.67504e-06
0.00275994 0.0239993 0.0999968 0.00276005 0.0240004 0.099999 4.03826e-08 6.31912e-07 7.87888e-06
0.00299993 0.0249992 0.0999964 0.00300005 0.0250004 0.0999989 4.67017e-08 7.10701e-07 9.97354e-06
0.00324992 0.0259992 0.0999976 0.00325006 0.0260004 0.0999976 5.38087e-08 8.10436e-07 1.05896e-05
0.00350992 0.0269992 0.0999964 0.00351006 0.0270004 0.0999978 6.19131e-08 9.16332e-07 9.94516e-06
0.00377991 0.0279991 0.0999967 0.00378007 0.0280003 0.0999982 7.10764e-08 1.01578e-06 8.19472e-06
0.0040599 0.0289991 0.0999963 0.00406007 0.0290003 0.0999981 8.12343e-08 1.09773e-06 8.86001e-06
0.00434989 0.0299991 0.0999983 0.00435007 0.0300003 0.0999976 9.22116e-08 1.18633e-06 9.48339e-06
0.00464988 0.030999 0.0999984 0.00465007 0.0310003 0.0999968 1.04075e-07 1.28117e-06 1.00605e-05
0.00495987 0.031999 0.0999979 0.00496008 0.0320002 0.0999979 1.16887e-07 1.38177e-06 1.14744e-05
0.00527986 0.032999 0.0999986 0.00528008 0.0330002 0.099997 1.30704e-07 1.49651e-06 1.2668e-05
0.00560985 0.033999 0.0999986 0.00561008 0.0340002 0.0999957 1.45669e-07 1.62319e-06 1.3463e-05
0.00594984 0.034999 0.0999978 0.00595008 0.0350001 0.0999951 1.61901e-07 1.75782e-06 1.37422e-05
0.00629983 0.035999 0.0999988 0.00630009 0.0360001 0.0999939 1.7948e-07 1.89525e-06 1.47173e-05
0.00665982 0.0369989 0.0999975 0.00666009 0.037 0.0999934 1.98432e-07 2.04242e-06 1.57009e-05
0.00702981 0.0379989 0.0999969 0.00703009 0.038 0.0999937 2.18856e-07 2.19943e-06 1.49611e-05
0.0074098 0.0389989 0.0999966 0.00741009 0.0389999 0.099994 2.4085e-07 2.34904e-06 1.6383e-05
0.00779979 0.0399989 0.0999977 0.00780009 0.0399999 0.0999935 2.64341e-07 2.51287e-06 1.5625e-05
0.00819978 0.0409988 0.0999968 0.00820008 0.0409998 0.0999916 2.8947e-07 2.66912e-06 1.55891e-05
0.00860976 0.0419988 0.0999975 0.00861008 0.0419997 0.0999914 3.16161e-07 2.82501e-06 1.80932e-05
0.00902975 0.0429988 0.0999966 0.00903008 0.0429996 0.0999904 3.44411e-07 3.00594e-06 1.80891e-05
0.00945974 0.0439987 0.099997 0.00946008 0.0439995 0.0999906 3.7447e-07 3.18683e-06 1.88541e-05
0.00989973 0.0449987 0.0999977 0.00990007 0.0449994 0.0999922 4.06339e-07 3.37537e-06 1.77666e-05
0.0103497 0.0459987 0.0999974 0.0103501 0.0459993 0.0999908 4.40092e-07 3.55304e-06 1.68697e-05
0.0108097 0.0469987 0.0999981 0.0108101 0.0469993 0.0999893 4.75623e-07 3.72174e-06 1.74302e-05
0.0112797 0.0479986 0.0999982 0.0112801 0.0479991 0.0999895 5.1284e-07 3.89604e-06 1.83121e-05
0.0117597 0.0489986 0.0999971 0.01176 0.048999 0.0999892 5.518e-07 4.07916e-06 1.94659e-05
0.0122497 0.0499986 0.0999967 0.01225 0.0499989 0.0999899 5.92592e-07 4.27382e-06 2.01657e-05
0.0127496 0.0509986 0.0999952 0.01275 0.0509988 0.0999898 6.3533e-07 4.47548e-06 1.95462e-05
0.0132596 0.0519985 0.0999955 0.01326 0.0519987 0.0999908 6.80085e-07 4.67094e-06 1.82524e-05
0.0137796 0.0529985 0.0999945 0.01378 0.0529986 0.0999903 7.26794e-07 4.85346e-06 2.00842e-05
0.0143096 0.0539984 0.0999942 0.01431 0.0539985 0.0999885 7.75329e-07 5.0543e-06 2.12696e-05
0.0148496 0.0549984 0.0999959 0.01485 0.0549984 0.0999891 8.25872e-07 5.267e-06 2.36462e-05
0.0153996 0.0559983 0.0999967 0.0154 0.0559983 0.0999876 8.78542e-07 5.50346e-06 2.35436e-05
0.0159596 0.0569983 0.0999968 0.0159599 0.0569982 0.0999886 9.33577e-07 5.7389e-06 2.30168e-05
0.0165295 0.0579983 0.0999961 0.0165299 0.0579981 0.0999897 9.90966e-07 5.96907e-06 2.34209e-05
0.0171095 0.0589982 0.099997 0.0171099 0.058998 0.09999 1.05066e-06 6.20327e-06 2.26986e-05
0.0176995 0.0599982 0.0999957 0.0176999 0.0599979 0.0999894 1.11269e-06 6.43026e-06 2.08754e-05
0.0182995 0.0609981 0.0999942 0.0182999 0.0609978 0.0999891 1.17699e-06 6.63901e-06 2.09099e-05
0.0189095 0.0619981 0.0999943 0.0189098 0.0619977 0.0999899 1.24338e-06 6.84811e-06 1.96281e-05
0.0195294 0.062998 0.0999944 0.0195298 0.0629976 0.0999888 1.31186e-06 7.04439e-06 2.07559e-05
0.0201594 0.063998 0.0999936 0.0201598 0.0639974 0.0999863 1.38231e-06 7.25195e-06 2.12196e-05
0.0207994 0.0649979 0.0999924 0.0207998 0.0649973 0.0999865 1.45483e-06 7.46415e-06 2.0797e-05
0.0214494 0.0659978 0.0999928 0.0214497 0.0659972 0.0999854 1.52947e-06 7.67212e-06 1.99159e-05
0.0221094 0.0669978 0.0999938 0.0221097 0.066997 0.0999862 1.60619e-06 7.87128e-06 2.02661e-05
0.0227793 0.0679977 0.0999948 0.0227797 0.0679969 0.0999862 1.6849e-06 8.07394e-06 1.90378e-05
0.0234593 0.0689976 0.0999949 0.0234596 0.0689968 0.0999864 1.76564e-06 8.26432e-06 2.01167e-05
0.0241493 0.0699976 0.0999962 0.0241496 0.0699966 0.0999893 1.84828e-06 8.46548e-06 1.97996e-05
0.0248493 0.0709976 0.0999968 0.0248496 0.0709965 0.0999896 1.93294e-06 8.66348e-06 2.07953e-05
0.0255592 0.0719975 0.0999967 0.0255595 0.0719964 0.0999902 2.01957e-06 8.87143e-06 1.93113e-05
0.0262792 0.0729975 0.0999953 0.0262795 0.0729963 0.0999906 2.10829e-06 9.06455e-06 2.01383e-05
0.0270092 0.0739974 0.0999954 0.0270095 0.0739962 0.0999894 2.19893e-06 9.26593e-06 2.02665e-05
0.0277492 0.0749974 0.0999944 0.0277494 0.0749961 0.0999895 2.29159e-06 9.46859e-06 2.15406e-05
0.0284991 0.0759973 0.0999965 0.0284994 0.075996 0.099989 2.38628e-06 9.684e-06 2.27295e-05
0.0292591 0.0769973 0.0999968 0.0292594 0.0769959 0.0999885 2.48312e-06 9.91129e-06 2.12546e-05
0.0300291 0.0779973 0.0999985 0.0300293 0.0779958 0.0999887 2.58223e-06 1.01238e-05 2.12461e-05
0.0308091 0.0789973 0.1 0.0308093 0.0789957 0.0999894 2.68347e-06 1.03363e-05 2.14505e-05
0.031599 0.0799973 0.0999982 0.0315992 0.0799956 0.0999896 2.78683e-06 1.05508e-05 2.17848e-05
0.032399 0.0809972 0.0999969 0.0323992 0.0809955 0.0999895 2.89234e-06 1.07687e-05 2.24247e-05
0.033209 0.0819972 0.0999952 0.0332091 0.0819954 0.0999893 3.00003e-06 1.09929e-05 2.2838e-05
0.034029 0.0829972 0.0999948 0.0340291 0.0829952 0.0999881 3.10996e-06 1.12213e-05 2.33081e-05
0.0348589 0.0839971 0.0999943 0.034859 0.0839951 0.0999886 3.22217e-06 1.14544e-05 2.20031e-05
0.0356989 0.0849971 0.0999936 0.035699 0.084995 0.0999895 3.33671e-06 1.16744e-05 2.36785e-05
0.0365489 0.085997 0.0999924 0.0365489 0.0859949 0.0999909 3.45346e-06 1.19112e-05 2.41979e-05
0.0374088 0.0869969 0.0999916 0.0374089 0.0869948 0.0999912 3.57257e-06 1.21532e-05 2.42944e-05
0.0382788 0.0879968 0.0999914 0.0382788 0.0879947 0.0999915 3.6941e-06 1.23961e-05 2.47175e-05
0.0391588 0.0889967 0.0999905 0.0391588 0.0889946 0.0999918 3.81806e-06 1.26433e-05 2.49138e-05
0.0400487 0.0899967 0.0999901 0.0400487 0.0899946 0.0999907 3.94449e-06 1.28924e-05 2.53517e-05
0.0409487 0.0909966 0.0999876 0.0409487 0.0909945 0.0999901 4.07342e-06 1.31459e-05 2.55283e-05
0.0418587 0.0919964 0.0999879 0.0418586 0.0919944 0.0999903 4.20488e-06 1.34012e-05 2.53464e-05
0.0427786 0.0929963 0.0999873 0.0427786 0.0929943 0.0999909 4.33889e-06 1.36547e-05 2.60675e-05
0.0437086 0.0939962 0.0999881 0.0437085 0.0939942 0.0999899 4.47544e-06 1.39154e-05 2.7278e-05
0.0446486 0.0949961 0.0999893 0.0446485 0.0949941 0.0999906 4.61459e-06 1.41881e-05 2.78881e-05
0.0455985 0.095996 0.0999898 0.0455984 0.095994 0.0999898 4.75647e-06 1.4467e-05 2.89189e-05
0.0465585 0.0969959 0.0999899 0.0465583 0.0969939 0.0999892 4.90114e-06 1.47562e-05 2.85254e-05
0.0475284 0.0979958 0.0999925 0.0475283 0.0979938 0.099988 5.0487e-06 1.50415e-05 2.88381e-05
0.0485084 0.0989957 0.0999911 0.0485082 0.0989937 0.0999871 5.19912e-06 1.53298e-05 2.95792e-05
0.0494984 0.0999956 0.0999897 0.0494982 0.0999935 0.0999869 5.35242e-06 1.56256e-05 3.01401e-05
0.0504983 0.100995 0.0999893 0.0504981 0.100993 0.099988 5.50867e-06 1.5927e-05 3.15074e-05
0.0515083 0.101995 0.0999881 0.051508 0.101993 0.0999887 5.66794e-06 1.62421e-05 3.07527e-05
0.0525282 0.102995 0.0999882 0.052528 0.102993 0.0999899 5.83036e-06 1.65496e-05 2.95228e-05
0.0535582 0.103995 0.0999891 0.0535579 0.103993 0.0999899 5.99586e-06 1.68449e-05 2.87287e-05
0.0545981 0.104995 0.0999889 0.0545978 0.104993 0.0999886 6.16431e-06 1.71321e-05 2.73412e-05
0.0556481 0.105995 0.0999888 0.0556477 0.105993 0.0999887 6.33563e-06 1.74056e-05 2.86759e-05
0.056708 0.106995 0.0999904 0.0567077 0.106993 0.0999885 6.50969e-06 1.76923e-05 2.84064e-05
0.057778 0.107995 0.0999909 0.0577776 0.107993 0.0999901 6.68661e-06 1.79764e-05 2.82552e-05
0.0588579 0.108995 0.0999901 0.0588575 0.108993 0.0999902 6.86637e-06 1.82589e-05 2.81022e-05
0.0599479 0.109995 0.099989 0.0599475 0.109992 0.0999899 7.04896e-06 1.854e-05 2.83198e-05
0.0610478 0.110994 0.0999893 0.0610474 0.110992 0.0999886 7.23436e-06 1.88232e-05 2.94678e-05
0.0621578 0.111994 0.0999897 0.0621573 0.111992 0.099989 7.42259e-06 1.91178e-05 2.85872e-05
0.0632777 0.112994 0.09999 0.0632772 0.112992 0.0999893 7.61377e-06 1.94037e-05 2.84351e-05
0.0644076 0.113994 0.0999898 0.0644071 0.113992 0.099988 7.80781e-06 1.96881e-05 2.79724e-05
0.0655476 0.114994 0.0999909 0.0655471 0.114992 0.0999879 8.00469e-06 1.99678e-05 2.69087e-05
0.0666975 0.115994 0.0999919 0.066697 0.115992 0.0999893 8.20437e-06 2.02369e-05 2.52329e-05
0.0678575 0.116994 0.0999931 0.0678569 0.116992 0.0999896 8.40674e-06 2.04892e-05 2.64787e-05
0.0690274 0.117994 0.0999931 0.0690268 0.117992 0.0999892 8.61163e-06 2.0754e-05 2.76986e-05
0.0702073 0.118994 0.0999934 0.0702067 0.118991 0.0999901 8.81917e-06 2.1031e-05 2.90929e-05
0.0713973 0.119994 0.0999928 0.0713966 0.119991 0.0999906 9.02948e-06 2.13219e-05 3.05352e-05
0.0725972 0.120994 0.0999925 0.0725966 0.120991 0.0999912 9.2427e-06 2.16273e-05 2.95096e-05
0.0738071 0.121993 0.0999926 0.0738065 0.121991 0.0999905 9.45897e-06 2.19223e-05 2.86043e-05
0.0750271 0.122993 0.0999935 0.0750264 0.122991 0.0999901 9.67819e-06 2.22084e-05 2.78442e-05
0.076257 0.123993 0.0999939 0.0762563 0.123991 0.0999912 9.90028e-06 2.24868e-05 2.93113e-05
0.0774969 0.124993 0.0999937 0.0774962 0.124991 0.0999919 1.01251e-05 2.27799e-05 3.00351e-05
0.0787469 0.125993 0.099994 0.0787461 0.125991 0.0999899 1.03529e-05 2.30803e-05 2.90596e-05
0.0800068 0.126993 0.0999947 0.080006 0.126991 0.099989 1.05837e-05 2.33709e-05 2.9293e-05
0.0812767 0.127993 0.0999949 0.0812759 0.127991 0.0999875 1.08175e-05 2.36638e-05 2.85942e-05
0.0825567 0.128993 0.0999924 0.0825558 0.12899 0.0999879 1.10541e-05 2.39498e-05 2.93563e-05
0.0838466 0.129993 0.099992 0.0838457 0.12999 0.0999883 1.12936e-05 2.42433e-05 2.78321e-05
0.0851465 0.130993 0.0999914 0.0851456 0.13099 0.0999869 1.1536e-05 2.45217e-05 2.77681e-05
0.0864565 0.131993 0.0999919 0.0864555 0.13199 0.0999883 1.17812e-05 2.47993e-05 2.88392e-05
0.0877764 0.132993 0.0999915 0.0877754 0.13299 0.0999886 1.20292e-05 2.50877e-05 2.94347e-05
0.0891063 0.133993 0.0999894 0.0891053 0.13399 0.0999874 1.22801e-05 2.53821e-05 3.06126e-05
0.0904462 0.134993 0.0999894 0.0904452 0.13499 0.0999871 1.25339e-05 2.56882e-05 3.23913e-05
0.0917962 0.135992 0.0999882 0.0917951 0.13599 0.0999865 1.27908e-05 2.60121e-05 3.42239e-05
0.0931561 0.136992 0.099988 0.093155 0.136989 0.0999838 1.30509e-05 2.63543e-05 3.47513e-05
0.094526 0.137992 0.0999878 0.0945249 0.137989 0.0999833 1.33145e-05 2.67019e-05 3.36557e-05
0.0959059 0.138992 0.0999876 0.0959048 0.138989 0.0999823 1.35815e-05 2.70384e-05 3.33356e-05
0.0972959 0.139992 0.099986 0.0972947 0.139989 0.0999827 1.38519e-05 2.73718e-05 3.288e-05
0.0986958 0.140992 0.0999854 0.0986946 0.140989 0.0999826 1.41256e-05 2.77006e-05 3.23679e-05
0.100106 0.141992 0.0999831 0.100104 0.141989 0.0999826 1.44026e-05 2.80243e-05 3.15831e-05
0.101526 0.142991 0.0999841 0.101524 0.142988 0.0999812 1.46828e-05 2.83401e-05 3.18761e-05
0.102956 0.143991 0.0999841 0.102954 0.143988 0.0999818 1.49663e-05 2.86588e-05 3.1681e-05
0.104395 0.144991 0.0999855 0.104394 0.144988 0.0999804 1.52528e-05 2.89757e-05 3.24219e-05
0.105845 0.145991 0.0999859 0.105844 0.145988 0.0999823 1.55426e-05 2.92999e-05 3.29997e-05
0.107305 0.146991 0.0999854 0.107304 0.146988 0.099983 1.58356e-05 2.96299e-05 3.27949e-05
0.108775 0.147991 0.0999858 0.108774 0.147988 0.0999836 1.61319e-05 2.99578e-05 3.19863e-05
0.110255 0.148991 0.099984 0.110254 0.148987 0.0999844 1.64315e-05 3.02777e-05 3.23692e-05
0.111745 0.14999 0.0999839 0.111744 0.149987 0.099984 1.67342e-05 3.06014e-05 3.21111e-05
0.113245 0.15099 0.0999834 0.113243 0.150987 0.0999845 1.70403e-05 3.09225e-05 3.19911e-05
0.114755 0.15199 0.0999819 0.114753 0.151987 0.0999847 1.73495e-05 3.12424e-05 3.26956e-05
0.116275 0.15299 0.0999828 0.116273 0.152987 0.0999866 1.76619e-05 3.15694e-05 3.27139e-05
0.117805 0.15399 0.0999846 0.117803 0.153987 0.0999874 1.79776e-05 3.18965e-05 3.15787e-05
0.119344 0.15499 0.0999851 0.119343 0.154986 0.0999862 1.82966e-05 3.22123e-05 3.03399e-05
0.120894 0.155989 0.0999854 0.120893 0.155986 0.0999857 1.86187e-05 3.25157e-05 2.90544e-05
0.122454 0.156989 0.0999839 0.122453 0.156986 0.0999841 1.89438e-05 3.28062e-05 2.92081e-05
0.124024 0.157989 0.099983 0.124022 0.157986 0.0999839 1.92719e-05 3.30983e-05 3.09108e-05
0.125604 0.158989 0.0999808 0.125602 0.158986 0.0999832 1.96029e-05 3.34074e-05 3.00118e-05
0.127194 0.159989 0.0999809 0.127192 0.159986 0.0999833 1.9937e-05 3.37075e-05 3.10775e-05
0.128794 0.160989 0.0999817 0.128792 0.160986 0.0999812 2.0274e-05 3.40183e-05 3.12546e-05
0.130404 0.161988 0.099982 0.130402 0.161985 0.0999804 2.06142e-05 3.43309e-05 3.14391e-05
0.132024 0.162988 0.0999828 0.132022 0.162985 0.0999805 2.09575e-05 3.46452e-05 3.29229e-05
0.133653 0.163988 0.0999841 0.133652 0.163985 0.0999795 2.1304e-05 3.49745e-05 3.36874e-05
0.135293 0.164988 0.0999835 0.135291 0.164985 0.0999777 2.16537e-05 3.53113e-05 3.41695e-05
0.136943 0.165988 0.0999845 0.136941 0.165985 0.0999783 2.20068e-05 3.5653e-05 3.31083e-05
0.138603 0.166988 0.0999829 0.138601 0.166984 0.0999788 2.23634e-05 3.59841e-05 3.34741e-05
0.140273 0.167987 0.0999851 0.140271 0.167984 0.0999806 2.27232e-05 3.63189e-05 3.39589e-05
0.141953 0.168987 0.0999833 0.141951 0.168984 0.0999801 2.30864e-05 3.66585e-05 3.23176e-05
0.143643 0.169987 0.0999827 0.143641 0.169984 0.099981 2.3453e-05 3.69816e-05 3.27041e-05
0.145343 0.170987 0.0999816 0.145341 0.170984 0.0999818 2.38228e-05 3.73087e-05 3.19445e-05
0.147052 0.171987 0.0999823 0.14705 0.171983 0.0999807 2.41959e-05 3.76281e-05 3.41149e-05
0.148772 0.172987 0.0999835 0.14877 0.172983 0.0999815 2.45722e-05 3.79693e-05 3.46568e-05
0.150502 0.173986 0.0999813 0.1505 0.173983 0.099982 2.49519e-05 3.83158e-05 3.44949e-05
0.152242 0.174986 0.0999806 0.15224 0.174983 0.0999819 2.5335e-05 3.86608e-05 3.3969e-05
0.153992 0.175986 0.0999786 0.15399 0.175983 0.0999817 2.57216e-05 3.90005e-05 3.60482e-05
0.155752 0.176986 0.0999802 0.155749 0.176982 0.0999821 2.61116e-05 3.9361e-05 3.78119e-05
0.157522 0.177986 0.0999811 0.157519 0.177982 0.0999811 2.65052e-05 3.97391e-05 3.85276e-05
0.159302 0.178985 0.0999817 0.159299 0.178982 0.0999795 2.69026e-05 4.01243e-05 3.87749e-05
0.161091 0.179985 0.0999825 0.161089 0.179982 0.099979 2.73039e-05 4.05121e-05 3.63408e-05
0.162891 0.180985 0.0999827 0.162889 0.180982 0.0999766 2.7709e-05 4.08755e-05 3.69553e-05
0.164701 0.181985 0.099982 0.164699 0.181981 0.0999749 2.81178e-05 4.12451e-05 3.85179e-05
0.166521 0.182985 0.0999814 0.166518 0.182981 0.0999755 2.85302e-05 4.16302e-05 3.91609e-05
0.168351 0.183985 0.0999815 0.168348 0.183981 0.0999755 2.89465e-05 4.20218e-05 3.88413e-05
0.170191 0.184984 0.0999825 0.170188 0.184981 0.0999748 2.93667e-05 4.24103e-05 4.04004e-05
0.17204 0.185984 0.099982 0.172038 0.18598 0.0999719 2.97908e-05 4.28143e-05 4.02982e-05
0.1739 0.186984 0.0999821 0.173898 0.18698 0.0999722 3.0219e-05 4.32172e-05 4.06647e-05
0.17577 0.187984 0.0999817 0.175767 0.18798 0.0999727 3.06511e-05 4.36239e-05 3.86112e-05
0.17765 0.188984 0.0999839 0.177647 0.18898 0.0999716 3.10874e-05 4.401e-05 4.0702e-05
0.17954 0.189983 0.0999844 0.179537 0.189979 0.0999698 3.15275e-05 4.4417e-05 4.00097e-05
0.18144 0.190983 0.0999878 0.181437 0.190979 0.0999698 3.19717e-05 4.48171e-05 4.02327e-05
0.183349 0.191983 0.0999889 0.183347 0.191979 0.0999718 3.24198e-05 4.52194e-05 4.12063e-05
0.185269 0.192983 0.0999867 0.185266 0.192978 0.0999711 3.2872e-05 4.56315e-05 4.23398e-05
0.187199 0.193983 0.0999866 0.187196 0.193978 0.0999715 3.33283e-05 4.60549e-05 4.08833e-05
0.189139 0.194983 0.0999868 0.189136 0.194978 0.0999728 3.37889e-05 4.64637e-05 4.15467e-05
0.191089 0.195983 0.0999858 0.191086 0.195978 0.0999714 3.42535e-05 4.68792e-05 4.13973e-05
0.193049 0.196983 0.0999868 0.193046 0.196977 0.099972 3.47223e-05 4.72932e-05 4.14666e-05
0.195018 0.197982 0.0999879 0.195015 0.197977 0.0999701 3.51952e-05 4.77079e-05 4.08687e-05
0.196998 0.198982 0.099989 0.196995 0.198977 0.0999701 3.56723e-05 4.81165e-05 4.07041e-05
0.198988 0.199982 0.099989 0.198985 0.199976 0.0999702 3.61535e-05 4.85236e-05 4.24114e-05
0.200988 0.200982 0.0999901 0.200985 0.200976 0.0999701 3.66387e-05 4.89477e-05 4.07097e-05
0.202998 0.201982 0.0999907 0.202994 0.201976 0.099969 3.71282e-05 4.93548e-05 3.9726e-05
0.205018 0.202982 0.0999921 0.205014 0.202975 0.0999693 3.76218e-05 4.9752e-05 3.9076e-05
0.207047 0.203982 0.0999925 0.207044 0.203975 0.09997 3.81193e-05 5.01428e-05 3.85187e-05
0.209087 0.204982 0.0999925 0.209084 0.204975 0.099969 3.86207e-05 5.0528e-05 4.02971e-05
0.211137 0.205982 0.0999914 0.211133 0.205975 0.0999705 3.9126e-05 5.0931e-05 4.07196e-05
0.213197 0.206982 0.0999923 0.213193 0.206974 0.0999705 3.96353e-05 5.13382e-05 4.01377e-05
0.215267 0.207981 0.0999925 0.215263 0.207974 0.099971 4.01487e-05 5.17395e-05 4.00722e-05
0.217346 0.208981 0.0999931 0.217343 0.208974 0.0999696 4.06661e-05 5.21403e-05 4.16124e-05
0.219436 0.209981 0.0999929 0.219432 0.209973 0.0999685 4.11875e-05 5.25564e-05 4.23448e-05
0.221536 0.210981 0.0999926 0.221532 0.210973 0.0999688 4.1713e-05 5.29798e-05 4.23019e-05
0.223646 0.211981 0.0999922 0.223642 0.211973 0.0999698 4.22428e-05 5.34029e-05 4.21379e-05
0.225766 0.212981 0.0999944 0.225762 0.212972 0.0999702 4.27769e-05 5.38242e-05 4.23227e-05
0.227896 0.213981 0.0999939 0.227891 0.213972 0.0999705 4.33151e-05 5.42475e-05 4.28133e-05
0.230035 0.214981 0.0999934 0.230031 0.214972 0.0999709 4.38576e-05 5.46756e-05 4.38368e-05
0.232185 0.215981 0.0999931 0.232181 0.215972 0.0999707 4.44043e-05 5.5114e-05 4.42056e-05
0.234345 0.216981 0.0999929 0.23434 0.216971 0.0999704 4.49555e-05 5.5556e-05 4.35439e-05
0.236515 0.217981 0.0999933 0.23651 0.217971 0.0999693 4.5511e-05 5.59915e-05 4.38768e-05
0.238695 0.218981 0.0999957 0.23869 0.218971 0.0999699 4.60709e-05 5.64302e-05 4.43472e-05
0.240884 0.219981 0.0999952 0.24088 0.21997 0.0999708 4.66353e-05 5.68737e-05 4.41926e-05
0.243084 0.220981 0.0999936 0.243079 0.22097 0.0999686 4.7204e-05 5.73156e-05 4.22105e-05
0.245294 0.221981 0.0999921 0.245289 0.22197 0.0999701 4.77771e-05 5.77377e-05 4.3946e-05
0.247514 0.22298 0.0999917 0.247509 0.222969 0.0999707 4.83545e-05 5.81772e-05 4.4148e-05
0.249744 0.22398 0.0999913 0.249738 0.223969 0.09997 4.89363e-05 5.86187e-05 4.32698e-05
0.251983 0.22498 0.0999917 0.251978 0.224969 0.0999697 4.95225e-05 5.90514e-05 4.24868e-05
0.254233 0.22598 0.0999923 0.254228 0.225969 0.0999699 5.0113e-05 5.94762e-05 4.27714e-05
0.256493 0.22698 0.0999932 0.256487 0.226968 0.0999708 5.07078e-05 5.99039e-05 4.40546e-05
0.258763 0.22798 0.0999935 0.258757 0.227968 0.0999704 5.13068e-05 6.03445e-05 4.34059e-05
0.261043 0.22898 0.0999928 0.261037 0.228968 0.0999695 5.19102e-05 6.07786e-05 4.3176e-05
0.263332 0.22998 0.0999919 0.263326 0.229967 0.0999682 5.2518e-05 6.12103e-05 4.32927e-05
0.265632 0.23098 0.0999928 0.265626 0.230967 0.0999698 5.31301e-05 6.16432e-05 4.3266e-05
0.267942 0.23198 0.099992 0.267936 0.231967 0.0999694 5.37466e-05 6.20759e-05 4.25515e-05
0.270262 0.23298 0.0999917 0.270255 0.232966 0.0999696 5.43673e-05 6.25014e-05 4.16619e-05
0.272592 0.23398 0.0999919 0.272585 0.233966 0.099969 5.49923e-05 6.2918e-05 4.41002e-05
0.274931 0.23498 0.099993 0.274925 0.234966 0.0999711 5.56215e-05 6.3359e-05 4.5976e-05
0.277281 0.235979 0.0999931 0.277274 0.235966 0.0999724 5.62551e-05 6.38188e-05 4.57631e-05
0.279641 0.236979 0.0999911 0.279634 0.236965 0.0999718 5.68933e-05 6.42764e-05 4.47459e-05
0.282011 0.237979 0.0999906 0.282004 0.237965 0.0999734 5.75361e-05 6.47239e-05 4.41751e-05
0.284391 0.238979 0.0999881 0.284383 0.238965 0.0999742 5.81833e-05 6.51656e-05 4.52381e-05
0.28678 0.239979 0.0999872 0.286773 0.239964 0.0999748 5.8835e-05 6.5618e-05 4.57233e-05
0.28918 0.240979 0.0999871 0.289173 0.240964 0.099975 5.94911e-05 6.60753e-05 4.58477e-05
0.29159 0.241979 0.0999874 0.291582 0.241964 0.0999751 6.01519e-05 6.65337e-05 4.51528e-05
0.29401 0.242979 0.0999879 0.294002 0.242964 0.0999752 6.08172e-05 6.69853e-05 4.67102e-05
0.29644 0.243979 0.0999887 0.296432 0.243963 0.0999753 6.14871e-05 6.74524e-05 4.70142e-05
0.298879 0.244978 0.0999894 0.298871 0.244963 0.0999746 6.21616e-05 6.79225e-05 4.83942e-05
0.301329 0.245978 0.0999896 0.301321 0.245963 0.099974 6.28408e-05 6.84064e-05 4.79228e-05
0.303789 0.246978 0.0999892 0.30378 0.246963 0.0999743 6.35249e-05 6.88857e-05 4.63097e-05
0.306259 0.247978 0.0999898 0.30625 0.247962 0.099974 6.42137e-05 6.93488e-05 4.64417e-05
0.308738 0.248978 0.0999904 0.30873 0.248962 0.0999754 6.49072e-05 6.98132e-05 4.8013e-05
0.311228 0.249978 0.0999905 0.311219 0.249962 0.0999752 6.56054e-05 7.02933e-05 4.95545e-05
0.313728 0.250978 0.0999898 0.313719 0.250962 0.0999745 6.63083e-05 7.07889e-05 4.96991e-05
0.316238 0.251978 0.0999913 0.316229 0.251961 0.0999742 6.70162e-05 7.12858e-05 4.99894e-05
0.318758 0.252978 0.0999919 0.318748 0.252961 0.0999748 6.7729e-05 7.17857e-05 4.95397e-05
0.321287 0.253978 0.0999927 0.321278 0.253961 0.0999751 6.84469e-05 7.22811e-05 4.95346e-05
0.323827 0.254978 0.099993 0.323817 0.254961 0.0999742 6.91697e-05 7.27765e-05 5.02664e-05
0.326377 0.255977 0.0999933 0.326367 0.25596 0.0999739 6.98975e-05 7.32792e-05 4.87079e-05
0.328937 0.256977 0.0999924 0.328927 0.25696 0.0999736 7.06303e-05 7.37662e-05 4.75067e-05
0.331506 0.257977 0.0999923 0.331496 0.25796 0.0999756 7.13679e-05 7.42413e-05 4.75148e-05
0.334086 0.258977 0.0999934 0.334076 0.25896 0.099977 7.21103e-05 7.47164e-05 4.79162e-05
0.336676 0.259977 0.0999938 0.336665 0.259959 0.0999773 7.28575e-05 7.51956e-05 4.77176e-05
0.339276 0.260977 0.0999951 0.339265 0.260959 0.0999795 7.36095e-05 7.56728e-05 4.8903e-05
0.341886 0.261977 0.0999955 0.341875 0.261959 0.0999789 7.43662e-05 7.61618e-05 4.91473e-05
0.344505 0.262977 0.0999957 0.344494 0.262959 0.099979 7.51278e-05 7.66533e-05 5.04986e-05
0.347135 0.263977 0.0999951 0.347124 0.263959 0.0999802 7.58943e-05 7.71583e-05 5.09959e-05
0.349775 0.264977 0.0999963 0.349763 0.264958 0.0999805 7.66659e-05 7.76682e-05 5.05108e-05
0.352425 0.265977 0.0999964 0.352413 0.265958 0.0999798 7.74426e-05 7.81733e-05 5.01647e-05
0.355084 0.266977 0.0999958 0.355073 0.266958 0.0999779 7.82243e-05 7.8675e-05 5.08152e-05
0.357754 0.267977 0.0999956 0.357742 0.267958 0.0999772 7.90111e-05 7.91831e-05 5.04541e-05
0.360434 0.268977 0.099995 0.360422 0.268958 0.099978 7.98029e-05 7.96877e-05 5.22758e-05
0.363124 0.269977 0.0999942 0.363111 0.269957 0.09998 8.05998e-05 8.02104e-05 5.15687e-05
0.365823 0.270977 0.0999939 0.365811 0.270957 0.0999781 8.14019e-05 8.07261e-05 5.15292e-05
0.368533 0.271977 0.0999948 0.36852 0.271957 0.0999795 8.22092e-05 8.12414e-05 5.1644e-05
0.371253 0.272977 0.0999938 0.37124 0.272957 0.0999797 8.30216e-05 8.17579e-05 5.3922e-05
0.373983 0.273976 0.0999929 0.37397 0.273956 0.0999784 8.38392e-05 8.22971e-05 5.60669e-05
0.376723 0.274976 0.0999934 0.376709 0.274956 0.0999783 8.46621e-05 8.28577e-05 5.41137e-05
0.379472 0.275976 0.0999943 0.379459 0.275956 0.0999755 8.54907e-05 8.33989e-05 5.37435e-05
0.382232 0.276976 0.0999932 0.382218 0.276956 0.0999773 8.63247e-05 8.39363e-05 5.40972e-05
0.385002 0.277976 0.0999939 0.384988 0.277956 0.0999768 8.71641e-05 8.44773e-05 5.44111e-05
0.387782 0.278976 0.0999914 0.387767 0.278955 0.0999767 8.80088e-05 8.50214e-05 5.63797e-05
0.390571 0.279976 0.0999909 0.390557 0.279955 0.0999756 8.8859e-05 8.55852e-05 5.699e-05
0.393371 0.280976 0.0999906 0.393356 0.280955 0.0999777 8.97149e-05 8.61551e-05 5.84733e-05
0.396181 0.281976 0.099989 0.396166 0.281955 0.0999773 9.05764e-05 8.67398e-05 5.91536e-05
0.399001 0.282976 0.0999901 0.398986 0.282954 0.0999755 9.14438e-05 8.73314e-05 5.93008e-05
0.40183 0.283976 0.0999894 0.401815 0.283954 0.099976 9.23172e-05 8.79244e-05 5.92974e-05
0.40467 0.284976 0.0999886 0.404655 0.284954 0.0999777 9.31964e-05 8.85173e-05 5.98397e-05
0.40752 0.285975 0.0999895 0.407504 0.285954 0.0999794 9.40816e-05 8.91157e-05 5.95475e-05
0.41038 0.286975 0.0999902 0.410364 0.286954 0.0999802 9.49727e-05 8.97112e-05 6.07209e-05
0.413249 0.287975 0.0999901 0.413233 0.287953 0.0999811 9.58698e-05 9.03184e-05 6.08812e-05
0.416129 0.288975 0.0999899 0.416113 0.288953 0.0999819 9.6773e-05 9.09272e-05 6.13343e-05
0.419019 0.289975 0.0999914 0.419002 0.289953 0.0999837 9.76823e-05 9.15406e-05 6.1919e-05
0.421919 0.290975 0.0999917 0.421902 0.290953 0.0999836 9.85977e-05 9.21598e-05 6.22558e-05
0.424828 0.291975 0.0999909 0.424811 0.291953 0.0999836 9.95193e-05 9.27823e-05 6.07762e-05
0.427748 0.292975 0.0999921 0.427731 0.292952 0.0999818 0.000100447 9.33901e-05 6.18041e-05
0.430678 0.293975 0.0999948 0.43066 0.293952 0.0999825 0.000101381 9.40081e-05 6.19028e-05
0.433618 0.294975 0.0999943 0.4336 0.294952 0.0999818 0.000102321 9.46272e-05 6.1107e-05
0.436567 0.295975 0.0999948 0.436549 0.295952 0.0999829 0.000103267 9.52382e-05 6.04069e-05
0.439527 0.296975 0.0999952 0.439509 0.296952 0.0999852 0.00010422 9.58423e-05 6.17488e-05
0.442497 0.297975 0.0999956 0.442479 0.297952 0.0999872 0.000105178 9.64598e-05 6.15499e-05
0.445477 0.298974 0.0999945 0.445458 0.298951 0.0999885 0.000106143 9.70753e-05 6.10294e-05
0.448466 0.299974 0.0999944 0.448448 0.299951 0.0999903 0.000107114 9.76856e-05 6.29618e-05
0.451466 0.300974 0.099994 0.451447 0.300951 0.0999904 0.00010809 9.83152e-05 6.27707e-05
0.454476 0.301974 0.0999917 0.454457 0.301951 0.0999911 0.000109074 9.89429e-05 6.26516e-05
0.457496 0.302974 0.0999917 0.457476 0.302951 0.0999932 0.000110063 9.95694e-05 6.29614e-05
0.460525 0.303974 0.0999914 0.460506 0.303951 0.0999937 0.000111059 0.000100199 6.38143e-05
0.463565 0.304974 0.0999905 0.463545 0.304951 0.0999945 0.000112061 0.000100837 6.41404e-05
0.466615 0.305974 0.0999888 0.466595 0.305951 0.0999947 0.000113069 0.000101479 6.29901e-05
0.469675 0.306974 0.0999891 0.469654 0.306951 0.0999955 0.000114084 0.000102108 6.38044e-05
0.472744 0.307974 0.0999891 0.472724 0.307951 0.0999963 0.000115105 0.000102747 6.36636e-05
0.475824 0.308974 0.099989 0.475803 0.308951 0.0999954 0.000116132 0.000103383 6.40561e-05
0.478914 0.309974 0.09999 0.478893 0.309951 0.0999964 0.000117166 0.000104024 6.29305e-05
0.482014 0.310973 0.0999883 0.481992 0.310951 0.0999951 0.000118206 0.000104653 6.5207e-05
0.485123 0.311973 0.0999896 0.485102 0.311951 0.0999954 0.000119253 0.000105305 6.5916e-05
0.488243 0.312973 0.0999897 0.488221 0.312951 0.0999946 0.000120306 0.000105964 6.69834e-05
0.491373 0.313973 0.0999901 0.491351 0.313951 0.0999934 0.000121366 0.000106634 6.59354e-05
0.494512 0.314973 0.099989 0.49449 0.31495 0.099992 0.000122432 0.000107293 6.61348e-05
0.497662 0.315973 0.0999878 0.49764 0.31595 0.0999907 0.000123505 0.000107955 6.42021e-05
0.500822 0.316973 0.0999879 0.500799 0.31695 0.0999917 0.000124584 0.000108597 6.29211e-05
0.503992 0.317973 0.0999895 0.503969 0.31795 0.0999921 0.00012567 0.000109226 6.13244e-05
0.507171 0.318973 0.0999909 0.507148 0.31895 0.0999916 0.000126763 0.000109839 6.24391e-05
0.510361 0.319972 0.099992 0.510338 0.31995 0.0999913 0.000127861 0.000110464 6.30355e-05
0.513561 0.320972 0.0999908 0.513537 0.32095 0.0999901 0.000128966 0.000111094 6.36571e-05
0.516771 0.321972 0.0999912 0.516747 0.32195 0.0999898 0.000130077 0.000111731 6.49191e-05
0.51999 0.322972 0.0999895 0.519966 0.32295 0.0999893 0.000131194 0.00011238 6.56684e-05
0.52322 0.323972 0.0999907 0.523196 0.32395 0.0999912 0.000132318 0.000113036 6.61983e-05
0.52646 0.324972 0.0999903 0.526435 0.32495 0.0999913 0.000133448 0.000113698 6.78037e-05
0.529709 0.325972 0.0999903 0.529685 0.325949 0.0999916 0.000134585 0.000114376 6.85392e-05
0.532969 0.326972 0.0999899 0.532944 0.326949 0.0999922 0.000135729 0.000115062 6.84602e-05
0.536239 0.327972 0.0999872 0.536214 0.327949 0.0999914 0.00013688 0.000115746 6.87079e-05
0.539519 0.328972 0.099988 0.539493 0.328949 0.0999907 0.000138037 0.000116434 6.76547e-05
0.542808 0.329971 0.0999872 0.542783 0.329949 0.0999902 0.000139201 0.00011711 6.84178e-05
0.546108 0.330971 0.099987 0.546082 0.330949 0.0999881 0.000140372 0.000117794 6.87204e-05
0.549418 0.331971 0.0999882 0.549392 0.331949 0.0999887 0.00014155 0.000118481 6.64051e-05
0.552737 0.332971 0.0999889 0.552711 0.332949 0.099988 0.000142735 0.000119146 6.48553e-05
0.556067 0.333971 0.0999883 0.556041 0.333949 0.099987 0.000143927 0.000119794 6.38111e-05
0.559407 0.334971 0.0999889 0.55938 0.334949 0.0999867 0.000145125 0.000120432 6.40927e-05
0.562757 0.335971 0.0999889 0.56273 0.335948 0.0999857 0.000146329 0.000121073 6.57269e-05
0.566116 0.336971 0.0999899 0.566089 0.336948 0.0999866 0.00014754 0.00012173 6.50521e-05
0.569486 0.337971 0.0999911 0.569459 0.337948 0.0999876 0.000148757 0.000122381 6.5208e-05
0.572866 0.33897 0.0999927 0.572838 0.338948 0.0999877 0.000149981 0.000123033 6.50216e-05
0.576255 0.33997 0.0999934 0.576228 0.339948 0.0999871 0.000151211 0.000123683 6.49566e-05
0.579655 0.34097 0.0999921 0.579627 0.340948 0.099984 0.000152448 0.000124333 6.39075e-05
0.583065 0.34197 0.0999942 0.583036 0.341948 0.0999855 0.000153691 0.000124972 6.40631e-05
0.586484 0.34297 0.0999961 0.586456 0.342947 0.0999872 0.000154941 0.000125612 6.27388e-05
0.589914 0.34397 0.0999958 0.589885 0.343947 0.0999859 0.000156197 0.00012624 6.24374e-05
0.593354 0.34497 0.0999963 0.593325 0.344947 0.099985 0.000157459 0.000126864 6.22295e-05
0.596804 0.34597 0.0999967 0.596774 0.345947 0.0999833 0.000158728 0.000127487 6.32841e-05
0.600263 0.34697 0.099998 0.600234 0.346947 0.0999822 0.000160003 0.000128119 6.36597e-05
0.603733 0.34797 0.0999995 0.603703 0.347947 0.0999813 0.000161284 0.000128756 6.34298e-05
0.607213 0.34897 0.100001 0.607183 0.348946 0.0999818 0.000162572 0.00012939 6.52655e-05
0.610702 0.34997 0.100001 0.610672 0.349946 0.099982 0.000163866 0.000130043 6.50778e-05
0.614202 0.35097 0.1 0.614172 0.350946 0.0999813 0.000165166 0.000130694 6.48395e-05
0.617712 0.35197 0.1 0.617681 0.351946 0.0999824 0.000166473 0.000131342 6.42555e-05
0.621231 0.35297 0.0999994 0.621201 0.352946 0.0999827 0.000167786 0.000131985 6.4017e-05
0.624761 0.35397 0.0999982 0.62473 0.353946 0.099984 0.000169106 0.000132625 6.22082e-05
0.628301 0.35497 0.0999974 0.62827 0.354945 0.099983 0.000170433 0.000133247 6.17157e-05
0.631851 0.35597 0.0999954 0.631819 0.355945 0.0999824 0.000171765 0.000133864 6.25592e-05
0.63541 0.35697 0.0999944 0.635378 0.356945 0.0999823 0.000173104 0.00013449 6.26502e-05
0.63898 0.35797 0.0999942 0.638948 0.357945 0.0999828 0.000174449 0.000135116 6.12865e-05
0.64256 0.35897 0.0999943 0.642527 0.358945 0.0999837 0.0001758 0.000135729 5.83224e-05
0.646149 0.35997 0.0999933 0.646117 0.359945 0.0999831 0.000177157 0.000136312 5.97833e-05
0.649749 0.36097 0.099995 0.649716 0.360944 0.0999838 0.00017852 0.00013691 5.93979e-05
0.653359 0.36197 0.0999946 0.653326 0.361944 0.0999835 0.000179889 0.000137504 5.91079e-05
0.656978 0.36297 0.0999936 0.656945 0.362944 0.0999845 0.000181264 0.000138095 5.9006e-05
0.660608 0.363969 0.0999925 0.660575 0.363944 0.0999846 0.000182645 0.000138685 5.96933e-05
0.664248 0.364969 0.0999904 0.664214 0.364944 0.0999842 0.000184032 0.000139282 5.85512e-05
0.667898 0.365969 0.0999899 0.667863 0.365944 0.099984 0.000185425 0.000139868 5.83e-05
0.671557 0.366969 0.0999886 0.671523 0.366943 0.0999836 0.000186824 0.000140451 5.82008e-05
0.675227 0.367969 0.099987 0.675192 0.367943 0.0999825 0.000188228 0.000141033 5.82748e-05
0.678907 0.368969 0.0999895 0.678872 0.368943 0.0999829 0.000189638 0.000141615 6.07761e-05
0.682596 0.369969 0.0999914 0.682561 0.369943 0.0999848 0.000191055 0.000142223 6.15116e-05
0.686296 0.370969 0.0999916 0.686261 0.370943 0.0999839 0.000192477 0.000142838 6.16823e-05
0.690006 0.371969 0.0999927 0.68997 0.371943 0.0999819 0.000193905 0.000143455 6.04952e-05
0.693725 0.372969 0.0999915 0.693689 0.372942 0.0999819 0.00019534 0.00014406 5.89193e-05
0.697455 0.373969 0.0999919 0.697419 0.373942 0.0999808 0.00019678 0.000144649 5.81933e-05
0.701195 0.374968 0.0999907 0.701158 0.374942 0.0999817 0.000198227 0.000145231 5.73309e-05
0.704944 0.375968 0.099991 0.704908 0.375942 0.0999809 0.000199679 0.000145804 5.67171e-05
0.708704 0.376968 0.0999907 0.708667 0.376942 0.0999804 0.000201137 0.000146372 5.76611e-05
0.712474 0.377968 0.0999924 0.712437 0.377942 0.0999814 0.000202601 0.000146948 5.65674e-05
0.716253 0.378968 0.0999913 0.716216 0.378941 0.0999796 0.00020407 0.000147514 5.73011e-05
0.720043 0.379968 0.0999921 0.720005 0.379941 0.0999789 0.000205545 0.000148087 5.62193e-05
0.723843 0.380968 0.0999929 0.723805 0.380941 0.0999789 0.000207026 0.000148649 5.69153e-05
0.727653 0.381968 0.0999917 0.727614 0.381941 0.0999781 0.000208513 0.000149218 5.83731e-05
0.731472 0.382968 0.0999911 0.731434 0.38294 0.0999782 0.000210005 0.000149802 5.84394e-05
0.735302 0.383968 0.0999904 0.735263 0.38394 0.0999783 0.000211503 0.000150386 5.82849e-05
0.739142 0.384968 0.0999891 0.739102 0.38494 0.099979 0.000213007 0.000150969 5.89283e-05
0.742991 0.385967 0.0999894 0.742952 0.38594 0.099979 0.000214517 0.000151559 5.92678e-05
0.746851 0.386967 0.0999919 0.746811 0.38694 0.0999781 0.000216032 0.000152151 6.03883e-05
0.750721 0.387967 0.0999922 0.750681 0.387939 0.099979 0.000217554 0.000152755 6.1143e-05
0.7546 0.388967 0.0999923 0.75456 0.388939 0.0999812 0.000219081 0.000153367 6.19661e-05
0.75849 0.389967 0.0999929 0.758449 0.389939 0.0999809 0.000220615 0.000153986 6.31183e-05
0.76239 0.390967 0.0999933 0.762349 0.390939 0.0999803 0.000222155 0.000154617 6.22529e-05
0.766299 0.391967 0.0999932 0.766258 0.391939 0.0999815 0.000223701 0.00015524 6.12182e-05
0.770219 0.392967 0.0999953 0.770178 0.392938 0.099979 0.000225253 0.000155852 6.06519e-05
0.774149 0.393967 0.099997 0.774107 0.393938 0.0999808 0.000226812 0.000156459 6.16561e-05
0.778088 0.394967 0.099997 0.778046 0.394938 0.099981 0.000228376 0.000157075 6.13054e-05
0.782038 0.395967 0.0999967 0.781996 0.395938 0.0999821 0.000229947 0.000157688 6.10041e-05
0.785998 0.396967 0.099997 0.785955 0.396938 0.0999838 0.000231524 0.000158298 6.24106e-05
0.789967 0.397967 0.0999965 0.789924 0.397938 0.0999816 0.000233107 0.000158922 6.36582e-05
0.793947 0.398967 0.0999973 0.793904 0.398937 0.0999821 0.000234696 0.000159559 6.21518e-05
0.797937 0.399967 0.0999984 0.797893 0.399937 0.0999811 0.000236292 0.00016018 6.13435e-05
0.801936 0.400967 0.0999985 0.801893 0.400937 0.0999807 0.000237894 0.000160794 6.13242e-05
0.805946 0.401967 0.0999986 0.805902 0.401937 0.0999815 0.000239502 0.000161407 6.31314e-05
0.809966 0.402967 0.0999974 0.809921 0.402937 0.0999817 0.000241116 0.000162038 6.20489e-05
0.813995 0.403967 0.0999973 0.813951 0.403936 0.0999815 0.000242736 0.000162659 6.24015e-05
0.818035 0.404967 0.0999987 0.81799 0.404936 0.0999819 0.000244363 0.000163283 6.3727e-05
0.822085 0.405967 0.0999994 0.822039 0.405936 0.0999839 0.000245996 0.00016392 6.48255e-05
0.826144 0.406967 0.100001 0.826099 0.406936 0.0999835 0.000247635 0.000164569 6.53804e-05
0.830214 0.407967 0.100003 0.830168 0.407936 0.0999842 0.00024928 0.000165222 6.55188e-05
0.834294 0.408967 0.100004 0.834248 0.408936 0.0999869 0.000250933 0.000165878 6.56759e-05
0.838383 0.409967 0.100004 0.838337 0.409935 0.0999869 0.000252591 0.000166534 6.62976e-05
0.842483 0.410967 0.100002 0.842436 0.410935 0.0999874 0.000254257 0.000167197 6.72348e-05
0.846593 0.411967 0.100004 0.846546 0.411935 0.0999883 0.000255929 0.00016787 6.9078e-05
0.850712 0.412967 0.100005 0.850665 0.412935 0.0999877 0.000257607 0.00016856 6.81391e-05
0.854842 0.413967 0.100005 0.854794 0.413935 0.0999886 0.000259293 0.000169242 6.83674e-05
0.858982 0.414967 0.100005 0.858934 0.414935 0.0999884 0.000260985 0.000169925 6.58367e-05
0.863131 0.415967 0.100005 0.863083 0.415935 0.0999896 0.000262685 0.000170584 6.54815e-05
0.867291 0.416967 0.100006 0.867242 0.416935 0.09999 0.000264391 0.000171239 6.60786e-05
0.871461 0.417967 0.100006 0.871412 0.417934 0.0999888 0.000266103 0.000171899 6.66996e-05
0.87564 0.418967 0.100006 0.875591 0.418934 0.0999895 0.000267822 0.000172566 6.90009e-05
0.87983 0.419967 0.100006 0.87978 0.419934 0.0999888 0.000269548 0.000173256 6.91229e-05
0.88403 0.420967 0.100006 0.88398 0.420934 0.0999883 0.00027128 0.000173948 6.94854e-05
0.888239 0.421967 0.100007 0.888189 0.421934 0.0999883 0.00027302 0.000174642 6.91116e-05
0.892459 0.422967 0.100007 0.892408 0.422934 0.0999899 0.000274766 0.000175334 7.12763e-05
0.896689 0.423967 0.100006 0.896638 0.423934 0.0999894 0.000276519 0.000176046 6.95069e-05
0.900928 0.424967 0.100007 0.900877 0.424934 0.0999887 0.00027828 0.000176741 7.01458e-05
0.905178 0.425968 0.100007 0.905126 0.425934 0.099989 0.000280047 0.000177443 7.01069e-05
0.909438 0.426968 0.100007 0.909386 0.426933 0.0999868 0.000281822 0.000178144 7.05868e-05
0.913707 0.427968 0.100006 0.913655 0.427933 0.0999868 0.000283603 0.00017885 7.17733e-05
0.917987 0.428968 0.100008 0.917934 0.428933 0.0999872 0.000285392 0.000179568 7.1057e-05
0.922277 0.429968 0.100009 0.922224 0.429933 0.0999866 0.000287187 0.000180278 7.16035e-05
0.926576 0.430968 0.10001 0.926523 0.430933 0.0999872 0.00028899 0.000180994 7.15902e-05
0.930886 0.431968 0.10001 0.930832 0.431933 0.0999865 0.0002908 0.00018171 7.20241e-05
0.935206 0.432968 0.100009 0.935152 0.432933 0.0999869 0.000292617 0.00018243 7.2591e-05
0.939535 0.433968 0.100008 0.939481 0.433933 0.099988 0.000294441 0.000183156 7.23597e-05
0.943875 0.434968 0.100008 0.94382 0.434932 0.0999892 0.000296273 0.00018388 6.99664e-05
0.948225 0.435968 0.100005 0.94817 0.435932 0.0999882 0.000298112 0.000184579 6.99192e-05
0.952584 0.436968 0.100004 0.952529 0.436932 0.0999872 0.000299958 0.000185279 7.02412e-05
0.956954 0.437968 0.100003 0.956898 0.437932 0.0999889 0.00030181 0.000185981 7.03996e-05
0.961334 0.438968 0.100002 0.961278 0.438932 0.0999906 0.00030367 0.000186685 7.07261e-05
0.965724 0.439969 0.1 0.965667 0.439932 0.0999911 0.000305537 0.000187392 6.98513e-05
0.970123 0.440969 0.100002 0.970066 0.440932 0.0999901 0.000307411 0.000188091 7.0807e-05
0.974533 0.441969 0.100001 0.974476 0.441932 0.0999915 0.000309292 0.000188799 7.14325e-05
0.978953 0.442969 0.0999988 0.978895 0.442932 0.0999931 0.00031118 0.000189513 6.97438e-05
0.983382 0.443969 0.1 0.983324 0.443932 0.0999932 0.000313075 0.000190211 6.84115e-05
0.987822 0.444969 0.0999993 0.987764 0.444931 0.0999924 0.000314977 0.000190895 6.79739e-05
0.992272 0.445969 0.0999986 0.992213 0.445931 0.0999939 0.000316886 0.000191575 6.80343e-05
0.996731 0.446969 0.0999987 0.996672 0.446931 0.0999941 0.000318802 0.000192255 6.81752e-05
1.0012 0.447968 0.0999978 1.00114 0.447931 0.0999962 0.000320724 0.000192937 6.70917e-05
1.00568 0.448968 0.0999976 1.00562 0.448931 0.0999975 0.000322654 0.000193608 6.7304e-05
1.01017 0.449968 0.0999967 1.01011 0.449931 0.0999977 0.00032459 0.000194281 6.78327e-05
1.01467 0.450968 0.0999958 1.01461 0.450931 0.0999969 0.000326533 0.000194959 6.61434e-05
1.01918 0.451968 0.0999957 1.01912 0.451931 0.0999967 0.000328482 0.00019562 6.68078e-05
1.0237 0.452968 0.0999955 1.02364 0.452931 0.0999947 0.000330438 0.000196288 6.49594e-05
1.02823 0.453968 0.0999961 1.02817 0.453931 0.0999926 0.000332401 0.000196938 6.43961e-05
1.03277 0.454968 0.0999962 1.03271 0.454931 0.0999926 0.000334371 0.000197582 6.47553e-05
1.03732 0.455968 0.0999979 1.03726 0.455931 0.0999926 0.000336346 0.00019823 6.52943e-05
1.04188 0.456968 0.0999967 1.04182 0.456931 0.0999929 0.000338329 0.000198882 6.70507e-05
1.04645 0.457968 0.0999971 1.04638 0.457931 0.0999924 0.000340318 0.000199553 6.69379e-05
1.05103 0.458968 0.099998 1.05096 0.458931 0.0999928 0.000342313 0.000200222 6.71329e-05
1.05562 0.459968 0.0999966 1.05555 0.459931 0.0999921 0.000344315 0.000200894 6.67645e-05
1.06022 0.460968 0.0999954 1.06015 0.460931 0.0999916 0.000346324 0.000201561 6.7407e-05
1.06483 0.461968 0.0999954 1.06476 0.46193 0.0999917 0.00034834 0.000202235 6.80001e-05
1.06945 0.462968 0.0999952 1.06938 0.46293 0.0999911 0.000350362 0.000202915 6.86596e-05
1.07408 0.463968 0.0999958 1.07401 0.46393 0.0999913 0.000352391 0.000203602 7.03751e-05
1.07872 0.464968 0.0999949 1.07865 0.46493 0.0999941 0.000354427 0.000204306 7.00244e-05
1.08337 0.465968 0.0999949 1.0833 0.46593 0.0999945 0.00035647 0.000205006 7.12494e-05
1.08802 0.466968 0.0999945 1.08796 0.46693 0.0999967 0.000358521 0.000205718 7.05822e-05
1.09269 0.467968 0.0999942 1.09263 0.46793 0.0999967 0.000360578 0.000206424 7.16856e-05
1.09737 0.468968 0.0999939 1.09731 0.46893 0.099996 0.000362642 0.000207141 7.19367e-05
1.10206 0.469968 0.0999938 1.102 0.46993 0.0999957 0.000364713 0.000207861 7.20638e-05
1.10676 0.470968 0.0999928 1.1067 0.47093 0.0999984 0.000366792 0.000208581 7.14197e-05
1.11147 0.471967 0.0999916 1.1114 0.47193 0.0999974 0.000368878 0.000209295 7.13049e-05
1.11619 0.472967 0.0999919 1.11612 0.47293 0.0999985 0.000370971 0.000210008 7.11157e-05
1.12092 0.473967 0.0999911 1.12085 0.47393 0.0999987 0.000373071 0.00021072 7.31477e-05
1.12566 0.474967 0.0999908 1.12559 0.47493 0.0999968 0.000375178 0.000211451 7.2334e-05
1.13041 0.475967 0.0999923 1.13034 0.47593 0.0999965 0.000377293 0.000212174 7.28605e-05
1.13517 0.476967 0.0999934 1.1351 0.47693 0.0999971 0.000379414 0.000212903 7.04391e-05
1.13994 0.477967 0.0999929 1.13987 0.47793 0.0999961 0.000381543 0.000213607 6.94448e-05
1.14472 0.478967 0.0999922 1.14465 0.47893 0.0999955 0.000383679 0.000214302 6.98019e-05
1.14951 0.479967 0.0999935 1.14944 0.47993 0.0999959 0.000385822 0.000215 7.13327e-05
1.15431 0.480967 0.0999933 1.15424 0.48093 0.0999958 0.000387972 0.000215713 7.04951e-05
1.15912 0.481967 0.0999958 1.15905 0.48193 0.0999951 0.00039013 0.000216418 6.9012e-05
1.16394 0.482967 0.0999948 1.16387 0.48293 0.0999951 0.000392294 0.000217108 6.95693e-05
1.16877 0.483967 0.0999938 1.1687 0.48393 0.0999962 0.000394465 0.000217804 7.01293e-05
1.17361 0.484967 0.0999914 1.17354 0.484929 0.0999953 0.000396643 0.000218505 6.91589e-05
1.17846 0.485966 0.0999909 1.17839 0.485929 0.0999956 0.000398828 0.000219197 6.95438e-05
1.18332 0.486966 0.0999889 1.18324 0.486929 0.0999931 0.00040102 0.000219892 6.82933e-05
1.18819 0.487966 0.0999885 1.18811 0.487929 0.0999939 0.000403219 0.000220575 6.70042e-05
1.19307 0.488966 0.0999878 1.19299 0.488929 0.0999948 0.000405425 0.000221245 6.67279e-05
1.19796 0.489966 0.0999873 1.19788 0.489929 0.0999943 0.000407637 0.000221913 6.71943e-05
1.20286 0.490966 0.0999876 1.20278 0.490929 0.0999941 0.000409856 0.000222584 6.68959e-05
1.20777 0.491966 0.0999868 1.20769 0.491929 0.0999936 0.000412082 0.000223253 6.51852e-05
1.21269 0.492966 0.0999879 1.21261 0.492929 0.0999924 0.000414314 0.000223905 6.6749e-05
1.21762 0.493966 0.0999878 1.21754 0.493929 0.0999939 0.000416554 0.000224573 6.69298e-05
1.22256 0.494965 0.0999874 1.22248 0.494929 0.0999943 0.000418799 0.000225242 6.74439e-05
1.22751 0.495965 0.0999879 1.22743 0.495929 0.0999969 0.000421052 0.000225917 6.79382e-05
1.23246 0.496965 0.0999881 1.23239 0.496929 0.0999964 0.000423311 0.000226596 6.81037e-05
1.23743 0.497965 0.099989 1.23736 0.497929 0.0999977 0.000425577 0.000227277 6.69711e-05
1.24241 0.498965 0.0999911 1.24234 0.498929 0.0999998 0.00042785 0.000227947 6.63343e-05
1.2474 0.499965 0.0999928 1.24733 0.499929 0.0999992 0.000430129 0.00022861 6.52972e-05
1.2524 0.500965 0.0999927 1.25232 0.500929 0.0999992 0.000432415 0.000229263 6.56497e-05
1.25741 0.501965 0.0999934 1.25733 0.501929 0.0999989 0.000434708 0.000229919 6.71695e-05
1.26243 0.502965 0.0999926 1.26235 0.502929 0.0999972 0.000437007 0.000230591 6.51999e-05
1.26746 0.503965 0.099991 1.26738 0.503929 0.0999973 0.000439313 0.000231243 6.38801e-05
1.2725 0.504964 0.0999897 1.27242 0.504929 0.0999978 0.000441625 0.000231882 6.33164e-05
1.27755 0.505964 0.0999906 1.27747 0.505929 0.0999963 0.000443944 0.000232515 6.28485e-05
1.28261 0.506964 0.0999913 1.28253 0.506929 0.0999948 0.000446269 0.000233144 6.12844e-05
1.28768 0.507964 0.0999905 1.2876 0.507929 0.0999932 0.000448601 0.000233756 6.16627e-05
1.29276 0.508964 0.0999907 1.29268 0.508928 0.0999935 0.000450938 0.000234373 6.0091e-05
1.29785 0.509964 0.0999924 1.29777 0.509928 0.0999933 0.000453282 0.000234974 6.13074e-05
1.30295 0.510964 0.0999926 1.30287 0.510928 0.0999951 0.000455632 0.000235587 6.23655e-05
1.30806 0.511964 0.0999924 1.30798 0.511928 0.0999948 0.000457988 0.000236211 6.05933e-05
1.31318 0.512964 0.0999921 1.3131 0.512928 0.0999941 0.00046035 0.000236817 5.96176e-05
1.31831 0.513964 0.0999929 1.31823 0.513928 0.0999945 0.000462718 0.000237413 5.93448e-05
1.32345 0.514964 0.0999919 1.32336 0.514928 0.0999945 0.000465092 0.000238006 5.77849e-05
1.3286 0.515964 0.099991 1.32851 0.515928 0.0999959 0.000467472 0.000238584 5.82955e-05
1.33376 0.516963 0.0999927 1.33367 0.516928 0.0999946 0.000469858 0.000239167 5.95047e-05
1.33893 0.517963 0.0999925 1.33884 0.517928 0.0999958 0.00047225 0.000239762 5.9047e-05
1.34411 0.518963 0.0999918 1.34402 0.518928 0.0999951 0.000474647 0.000240353 5.80663e-05
1.3493 0.519963 0.0999915 1.34921 0.519928 0.0999941 0.000477051 0.000240933 5.80795e-05
1.3545 0.520963 0.0999904 1.35441 0.520928 0.0999934 0.00047946 0.000241514 5.95465e-05
1.35971 0.521963 0.0999896 1.35962 0.521928 0.0999938 0.000481875 0.00024211 6.00169e-05
1.36493 0.522963 0.0999894 1.36484 0.522928 0.0999926 0.000484296 0.00024271 6.03487e-05
1.37016 0.523963 0.0999885 1.37007 0.523928 0.0999929 0.000486723 0.000243313 5.90561e-05
1.37539 0.524963 0.0999905 1.37531 0.524928 0.0999947 0.000489157 0.000243904 5.82433e-05
1.38064 0.525963 0.0999894 1.38056 0.525928 0.0999942 0.000491596 0.000244486 5.95756e-05
1.3859 0.526963 0.0999878 1.38582 0.526927 0.0999951 0.00049404 0.000245082 5.90961e-05
1.39117 0.527962 0.0999885 1.39108 0.527927 0.0999952 0.000496491 0.000245673 5.90903e-05
1.39645 0.528962 0.0999879 1.39636 0.528927 0.0999959 0.000498948 0.000246264 5.95629e-05
1.40174 0.529962 0.0999879 1.40165 0.529927 0.0999958 0.000501411 0.000246859 5.84654e-05
1.40704 0.530962 0.0999893 1.40695 0.530927 0.0999961 0.000503879 0.000247444 5.77818e-05
1.41235 0.531962 0.0999876 1.41226 0.531927 0.0999961 0.000506354 0.000248022 5.73341e-05
1.41767 0.532962 0.0999872 1.41758 0.532927 0.0999956 0.000508834 0.000248595 5.89135e-05
1.423 0.533962 0.0999861 1.42291 0.533927 0.0999937 0.00051132 0.000249184 5.87007e-05
1.42834 0.534962 0.0999848 1.42825 0.534927 0.0999935 0.000513812 0.000249771 6.02024e-05
1.43369 0.535961 0.0999847 1.4336 0.535927 0.0999941 0.000516309 0.000250373 6.0608e-05
1.43905 0.536961 0.0999838 1.43896 0.536927 0.0999937 0.000518813 0.000250979 6.02528e-05
1.44442 0.537961 0.099985 1.44433 0.537927 0.0999937 0.000521323 0.000251582 6.01095e-05
1.4498 0.538961 0.0999856 1.44971 0.538927 0.0999933 0.000523839 0.000252183 6.10403e-05
1.45519 0.539961 0.0999883 1.4551 0.539927 0.0999948 0.000526361 0.000252793 6.09861e-05
1.46059 0.540961 0.0999888 1.4605 0.540927 0.0999937 0.000528889 0.000253403 6.27034e-05
1.466 0.541961 0.0999892 1.4659 0.541927 0.0999932 0.000531423 0.00025403 6.26982e-05
1.47142 0.54296 0.0999885 1.47132 0.542927 0.0999934 0.000533963 0.000254657 6.29342e-05
1.47685 0.54396 0.0999887 1.47675 0.543927 0.099995 0.000536509 0.000255287 6.24445e-05
1.48229 0.54496 0.0999883 1.48219 0.544926 0.0999945 0.000539062 0.000255911 6.17678e-05
1.48774 0.54596 0.0999886 1.48764 0.545926 0.0999932 0.000541621 0.000256529 6.23712e-05
1.4932 0.54696 0.099988 1.4931 0.546926 0.0999924 0.000544187 0.000257153 6.28014e-05
1.49867 0.54796 0.0999889 1.49857 0.547926 0.0999945 0.000546758 0.000257781 6.34912e-05
1.50415 0.54896 0.0999876 1.50405 0.548926 0.0999928 0.000549336 0.000258415 6.23321e-05
1.50964 0.54996 0.0999875 1.50954 0.549926 0.0999914 0.00055192 0.000259039 6.15794e-05
1.51513 0.550959 0.0999876 1.51504 0.550926 0.0999922 0.000554511 0.000259655 6.09135e-05
1.52064 0.551959 0.099987 1.52055 0.551926 0.0999926 0.000557107 0.000260264 5.97667e-05
1.52616 0.552959 0.0999876 1.52607 0.552926 0.0999932 0.00055971 0.000260861 5.95874e-05
1.53169 0.553959 0.0999868 1.5316 0.553926 0.099994 0.000562318 0.000261457 5.92713e-05
1.53723 0.554959 0.0999871 1.53714 0.554926 0.0999949 0.000564933 0.00026205 6.06897e-05
1.54278 0.555959 0.099987 1.54268 0.555926 0.0999952 0.000567553 0.000262657 6.07817e-05
1.54834 0.556959 0.0999866 1.54824 0.556926 0.099995 0.00057018 0.000263265 6.13684e-05
1.55391 0.557959 0.0999853 1.55381 0.557926 0.099994 0.000572813 0.000263878 5.86581e-05
1.55949 0.558958 0.099985 1.55939 0.558926 0.0999932 0.000575451 0.000264465 5.99258e-05
1.56508 0.559958 0.099985 1.56498 0.559925 0.0999942 0.000578096 0.000265064 5.80045e-05
1.57068 0.560958 0.0999827 1.57058 0.560925 0.0999931 0.000580747 0.000265644 5.66745e-05
1.57629 0.561958 0.0999811 1.57619 0.561925 0.0999921 0.000583403 0.000266211 5.66253e-05
1.58191 0.562958 0.0999816 1.58181 0.562925 0.099994 0.000586065 0.000266777 5.81827e-05
1.58754 0.563958 0.0999828 1.58744 0.563925 0.0999919 0.000588733 0.000267359 5.71118e-05
1.59318 0.564957 0.0999828 1.59308 0.564925 0.0999926 0.000591407 0.00026793 5.52956e-05
1.59883 0.565957 0.0999825 1.59873 0.565925 0.0999926 0.000594086 0.000268483 5.32712e-05
1.60449 0.566957 0.0999816 1.60439 0.566925 0.0999916 0.000596771 0.000269016 5.36274e-05
1.61016 0.567957 0.0999804 1.61006 0.567925 0.0999918 0.000599461 0.000269552 5.41057e-05
1.61584 0.568957 0.0999794 1.61573 0.568925 0.0999928 0.000602156 0.000270093 5.33541e-05
1.62153 0.569956 0.0999801 1.62142 0.569925 0.0999934 0.000604857 0.000270627 5.25595e-05
1.62723 0.570956 0.0999805 1.62712 0.570925 0.0999924 0.000607564 0.000271152 5.2095e-05
1.63294 0.571956 0.0999804 1.63283 0.571925 0.0999949 0.000610275 0.000271673 5.26007e-05
1.63866 0.572956 0.0999799 1.63855 0.572925 0.0999953 0.000612992 0.000272199 5.37533e-05
1.64439 0.573956 0.0999791 1.64428 0.573925 0.0999941 0.000615714 0.000272737 5.35224e-05
1.65012 0.574955 0.099978 1.65002 0.574924 0.0999923 0.000618441 0.000273272 5.47874e-05
1.65587 0.575955 0.0999789 1.65577 0.575924 0.099991 0.000621174 0.00027382 5.58126e-05
1.66163 0.576955 0.0999785 1.66153 0.576924 0.0999906 0.000623912 0.000274378 5.46932e-05
1.6674 0.577955 0.0999802 1.6673 0.577924 0.099991 0.000626656 0.000274925 5.39631e-05
1.67318 0.578955 0.099978 1.67308 0.578924 0.0999905 0.000629405 0.000275465 5.37213e-05
1.67897 0.579954 0.0999777 1.67887 0.579924 0.0999898 0.00063216 0.000276002 5.46339e-05
1.68477 0.580954 0.0999784 1.68467 0.580924 0.0999907 0.00063492 0.000276548 5.25398e-05
1.69058 0.581954 0.099978 1.69047 0.581924 0.0999884 0.000637685 0.000277074 5.14463e-05
1.6964 0.582954 0.0999775 1.69629 0.582924 0.0999886 0.000640456 0.000277588 5.15254e-05
1.70223 0.583954 0.0999765 1.70212 0.583924 0.0999886 0.000643232 0.000278103 5.20243e-05
1.70807 0.584953 0.0999756 1.70796 0.584923 0.0999897 0.000646013 0.000278624 5.17826e-05
1.71392 0.585953 0.0999755 1.71381 0.585923 0.09999 0.000648799 0.000279141 5.13171e-05
1.71978 0.586953 0.0999757 1.71967 0.586923 0.0999899 0.000651591 0.000279655 5.23368e-05
1.72565 0.587953 0.0999739 1.72554 0.587923 0.0999915 0.000654387 0.000280178 5.33835e-05
1.73153 0.588952 0.099973 1.73142 0.588923 0.099991 0.000657189 0.000280712 5.45142e-05
1.73742 0.589952 0.0999717 1.73731 0.589923 0.09999 0.000659996 0.000281257 5.39404e-05
1.74332 0.590952 0.0999723 1.74321 0.590923 0.0999901 0.000662809 0.000281796 5.50894e-05
1.74923 0.591951 0.0999717 1.74912 0.591923 0.0999904 0.000665627 0.000282347 5.60029e-05
1.75515 0.592951 0.099971 1.75504 0.592923 0.0999897 0.00066845 0.000282907 5.29861e-05
1.76108 0.593951 0.0999714 1.76097 0.593923 0.0999901 0.000671279 0.000283437 5.25711e-05
1.76702 0.594951 0.0999718 1.7669 0.594923 0.0999903 0.000674114 0.000283963 5.30972e-05
1.77296 0.59595 0.0999717 1.77285 0.595922 0.0999916 0.000676953 0.000284494 5.18454e-05
1.77892 0.59695 0.0999714 1.77881 0.596922 0.0999914 0.000679798 0.000285012 5.2304e-05
1.78489 0.59795 0.099972 1.78478 0.597922 0.0999918 0.000682648 0.000285535 5.15961e-05
1.79087 0.598949 0.0999716 1.79076 0.598922 0.0999904 0.000685504 0.000286051 5.23277e-05
1.79686 0.599949 0.0999727 1.79675 0.599922 0.0999901 0.000688364 0.000286574 5.18852e-05
1.80286 0.600949 0.0999715 1.80275 0.600922 0.0999892 0.00069123 0.000287093 5.15212e-05
1.80887 0.601949 0.0999731 1.80876 0.601922 0.0999885 0.000694101 0.000287609 5.25341e-05
1.81489 0.602948 0.0999746 1.81478 0.602922 0.0999894 0.000696977 0.000288134 5.35177e-05
1.82092 0.603948 0.0999734 1.82081 0.603922 0.0999886 0.000699858 0.000288669 5.49818e-05
1.82696 0.604948 0.0999745 1.82685 0.604922 0.0999889 0.000702745 0.000289219 5.43958e-05
1.83301 0.605948 0.0999757 1.8329 0.605921 0.0999884 0.000705637 0.000289763 5.50138e-05
1.83907 0.606947 0.0999749 1.83896 0.606921 0.0999878 0.000708535 0.000290313 5.36684e-05
1.84514 0.607947 0.099973 1.84502 0.607921 0.0999875 0.000711438 0.00029085 5.27893e-05
1.85122 0.608947 0.0999735 1.8511 0.608921 0.0999863 0.000714346 0.000291378 5.19906e-05
1.85731 0.609947 0.0999724 1.85719 0.609921 0.0999862 0.00071726 0.000291897 5.15398e-05
1.86341 0.610946 0.0999735 1.86329 0.610921 0.0999852 0.000720179 0.000292413 5.05791e-05
1.86952 0.611946 0.0999742 1.8694 0.611921 0.0999858 0.000723103 0.000292919 4.88708e-05
1.87564 0.612946 0.099975 1.87552 0.61292 0.0999862 0.000726032 0.000293407 4.82536e-05
1.88177 0.613946 0.0999743 1.88165 0.61392 0.0999854 0.000728966 0.00029389 4.75626e-05
1.8879 0.614945 0.0999731 1.88779 0.61492 0.0999851 0.000731905 0.000294366 4.72112e-05
1.89405 0.615945 0.0999742 1.89394 0.61592 0.099985 0.000734849 0.000294838 4.77346e-05
1.90021 0.616945 0.0999731 1.9001 0.61692 0.0999852 0.000737797 0.000295315 4.86669e-05
1.90638 0.617944 0.0999732 1.90627 0.61792 0.0999853 0.000740751 0.000295802 4.89421e-05
1.91256 0.618944 0.0999711 1.91245 0.61892 0.099986 0.000743709 0.000296291 4.84602e-05
1.91875 0.619944 0.0999718 1.91864 0.619919 0.0999875 0.000746671 0.000296776 4.84596e-05
1.92495 0.620944 0.099971 1.92483 0.620919 0.0999877 0.000749639 0.00029726 4.73608e-05
1.93116 0.621943 0.0999719 1.93104 0.621919 0.0999874 0.000752612 0.000297734 4.55495e-05
1.93738 0.622943 0.0999721 1.93726 0.622919 0.0999863 0.000755589 0.000298189 4.47041e-05
1.94361 0.623943 0.0999732 1.94349 0.623919 0.0999835 0.000758571 0.000298636 4.42743e-05
1.94985 0.624943 0.0999736 1.94973 0.624919 0.0999837 0.000761557 0.000299079 4.31394e-05
1.9561 0.625942 0.099972 1.95598 0.625919 0.0999834 0.000764548 0.000299511 4.39915e-05
1.96236 0.626942 0.0999725 1.96224 0.626918 0.099983 0.000767543 0.00029995 4.44493e-05
1.96863 0.627942 0.0999724 1.96851 0.627918 0.0999834 0.000770543 0.000300395 4.4211e-05
1.97491 0.628941 0.0999721 1.97479 0.628918 0.0999845 0.000773547 0.000300837 4.41359e-05
1.9812 0.629941 0.0999708 1.98108 0.629918 0.0999853 0.000776555 0.000301278 4.48094e-05
1.9875 0.630941 0.0999706 1.98738 0.630918 0.0999846 0.000779568 0.000301727 4.39362e-05
1.99381 0.631941 0.0999709 1.99369 0.631918 0.0999849 0.000782585 0.000302166 4.47325e-05
2.00012 0.63294 0.0999703 2 0.632918 0.0999832 0.000785607 0.000302613 4.48361e-05
2.00645 0.63394 0.099968 2.00633 0.633917 0.0999847 0.000788633 0.000303062 4.46532e-05
2.01279 0.63494 0.0999681 2.01267 0.634917 0.0999833 0.000791664 0.000303508 4.51232e-05
2.01914 0.635939 0.0999698 2.01902 0.635917 0.0999843 0.000794699 0.000303959 4.41314e-05
2.0255 0.636939 0.0999701 2.02538 0.636917 0.0999836 0.000797738 0.000304401 4.34939e-05
2.03187 0.637939 0.0999712 2.03175 0.637917 0.0999846 0.000800782 0.000304836 4.61495e-05
2.03825 0.638938 0.0999709 2.03813 0.638917 0.0999864 0.000803831 0.000305297 4.73427e-05
2.04464 0.639938 0.0999719 2.04452 0.639916 0.0999871 0.000806884 0.00030577 4.78839e-05
2.05104 0.640938 0.0999722 2.05092 0.640916 0.0999859 0.000809941 0.000306249 4.72144e-05
2.05745 0.641938 0.099973 2.05733 0.641916 0.0999845 0.000813004 0.000306721 4.81093e-05
2.06387 0.642937 0.0999735 2.06375 0.642916 0.0999838 0.000816071 0.000307203 4.91721e-05
2.0703 0.643937 0.0999742 2.07018 0.643916 0.0999838 0.000819143 0.000307694 4.86965e-05
2.07674 0.644937 0.099975 2.07661 0.644916 0.0999846 0.00082222 0.000308181 4.85496e-05
2.08319 0.645937 0.0999757 2.08306 0.645916 0.0999844 0.000825302 0.000308667 4.74985e-05
2.08965 0.646936 0.099976 2.08952 0.646915 0.0999857 0.000828388 0.000309142 4.80012e-05
2.09612 0.647936 0.099976 2.09599 0.647915 0.099985 0.00083148 0.000309622 4.67572e-05
2.10259 0.648936 0.0999758 2.10247 0.648915 0.0999848 0.000834576 0.000310089 4.76131e-05
2.10908 0.649936 0.0999781 2.10896 0.649915 0.0999852 0.000837677 0.000310565 4.72941e-05
2.11558 0.650935 0.0999768 2.11546 0.650915 0.0999835 0.000840783 0.000311038 4.68747e-05
2.12209 0.651935 0.0999769 2.12197 0.651915 0.0999851 0.000843893 0.000311507 4.7219e-05
2.12861 0.652935 0.0999772 2.12849 0.652914 0.0999846 0.000847008 0.000311979 4.72396e-05
2.13514 0.653935 0.0999771 2.13502 0.653914 0.0999841 0.000850128 0.000312452 4.63878e-05
2.14168 0.654934 0.0999774 2.14156 0.654914 0.0999857 0.000853252 0.000312916 4.52576e-05
2.14823 0.655934 0.0999777 2.14811 0.655914 0.0999869 0.000856382 0.000313368 4.48243e-05
2.15479 0.656934 0.0999756 2.15466 0.656914 0.0999859 0.000859515 0.000313816 4.53055e-05
2.16136 0.657934 0.0999762 2.16123 0.657914 0.0999863 0.000862653 0.000314269 4.62312e-05
2.16794 0.658934 0.0999768 2.16781 0.658914 0.099987 0.000865796 0.000314732 4.51143e-05
2.17453 0.659933 0.099976 2.1744 0.659913 0.0999868 0.000868943 0.000315183 4.61752e-05
2.18113 0.660933 0.0999748 2.181 0.660913 0.0999855 0.000872095 0.000315645 4.52156e-05
2.18774 0.661933 0.0999744 2.18761 0.661913 0.099986 0.000875252 0.000316097 4.51705e-05
2.19436 0.662933 0.0999756 2.19423 0.662913 0.0999863 0.000878413 0.000316549 4.64763e-05
2.20098 0.663932 0.099976 2.20086 0.663913 0.0999877 0.000881578 0.000317013 4.51647e-05
2.20762 0.664932 0.0999765 2.2075 0.664913 0.0999877 0.000884748 0.000317465 4.62082e-05
2.21427 0.665932 0.0999782 2.21415 0.665913 0.099989 0.000887923 0.000317927 4.52357e-05
2.22093 0.666932 0.099975 2.22081 0.666913 0.0999871 0.000891102 0.000318379 4.54826e-05
2.2276 0.667931 0.0999758 2.22747 0.667912 0.0999872 0.000894286 0.000318834 4.48398e-05
2.23428 0.668931 0.0999766 2.23415 0.668912 0.0999883 0.000897474 0.000319283 4.3673e-05
2.24097 0.669931 0.0999779 2.24084 0.669912 0.0999879 0.000900667 0.000319719 4.44952e-05
2.24767 0.670931 0.0999777 2.24754 0.670912 0.0999869 0.000903864 0.000320164 4.65469e-05
2.25438 0.67193 0.099977 2.25425 0.671912 0.0999871 0.000907066 0.00032063 4.70496e-05
2.2611 0.67293 0.0999789 2.26097 0.672912 0.0999872 0.000910272 0.0003211 4.7627e-05
2.26783 0.67393 0.0999776 2.2677 0.673912 0.0999865 0.000913483 0.000321577 4.81475e-05
2.27457 0.67493 0.0999776 2.27444 0.674912 0.0999863 0.000916699 0.000322058 4.80668e-05
2.28132 0.67593 0.0999773 2.28119 0.675911 0.0999861 0.00091992 0.000322539 4.73066e-05
2.28808 0.676929 0.0999781 2.28795 0.676911 0.0999877 0.000923145 0.000323012 4.73126e-05
2.29485 0.677929 0.0999769 2.29472 0.677911 0.099989 0.000926375 0.000323485 4.72105e-05
2.30162 0.678929 0.0999763 2.3015 0.678911 0.0999863 0.00092961 0.000323957 4.8487e-05
2.30841 0.679929 0.0999756 2.30828 0.679911 0.0999875 0.00093285 0.000324442 4.8819e-05
2.31521 0.680928 0.0999746 2.31508 0.680911 0.0999888 0.000936094 0.00032493 4.85709e-05
2.32202 0.681928 0.0999734 2.32189 0.681911 0.0999881 0.000939343 0.000325416 4.68933e-05
2.32884 0.682928 0.0999737 2.32871 0.682911 0.0999869 0.000942597 0.000325885 4.48428e-05
2.33567 0.683928 0.099975 2.33554 0.68391 0.0999877 0.000945856 0.000326333 4.23283e-05
2.34251 0.684927 0.0999766 2.34238 0.68491 0.0999892 0.00094912 0.000326756 4.1757e-05
2.34936 0.685927 0.0999769 2.34923 0.68591 0.0999898 0.000952387 0.000327174 4.19831e-05
2.35622 0.686927 0.099976 2.35609 0.68691 0.0999897 0.000955659 0.000327594 4.10456e-05
2.36309 0.687927 0.0999768 2.36296 0.68791 0.0999895 0.000958935 0.000328004 4.15018e-05
2.36997 0.688926 0.0999759 2.36984 0.68891 0.0999893 0.000962215 0.000328419 4.08744e-05
2.37686 0.689926 0.0999762 2.37673 0.68991 0.0999902 0.000965499 0.000328828 4.12322e-05
2.38376 0.690926 0.0999754 2.38362 0.69091 0.0999907 0.000968787 0.00032924 4.13845e-05
2.39067 0.691926 0.0999744 2.39053 0.69191 0.0999909 0.00097208 0.000329654 4.30513e-05
2.39758 0.692925 0.0999753 2.39745 0.692909 0.0999915 0.000975376 0.000330085 4.37281e-05
2.40451 0.693925 0.0999744 2.40438 0.693909 0.0999913 0.000978677 0.000330522 4.43101e-05
2.41145 0.694925 0.0999742 2.41132 0.694909 0.0999915 0.000981982 0.000330965 4.43251e-05
2.4184 0.695925 0.0999745 2.41827 0.695909 0.099992 0.000985292 0.000331408 4.33705e-05
2.42536 0.696924 0.0999746 2.42523 0.696909 0.0999924 0.000988606 0.000331842 4.24924e-05
2.43233 0.697924 0.0999753 2.4322 0.697909 0.0999931 0.000991925 0.000332267 4.39052e-05
2.43931 0.698924 0.099975 2.43918 0.698909 0.0999913 0.000995247 0.000332706 4.35414e-05
2.4463 0.699924 0.099975 2.44617 0.699909 0.0999911 0.000998574 0.000333141 4.29104e-05
2.4533 0.700923 0.0999755 2.45317 0.700909 0.0999895 0.00100191 0.000333571 4.26535e-05
2.46031 0.701923 0.0999747 2.46017 0.701909 0.0999904 0.00100524 0.000333997 4.26049e-05
2.46733 0.702923 0.0999753 2.46719 0.702909 0.0999887 0.00100858 0.000334423 4.29454e-05
2.47436 0.703923 0.0999764 2.47422 0.703908 0.099989 0.00101193 0.000334853 4.19171e-05
2.4814 0.704922 0.0999762 2.48126 0.704908 0.0999912 0.00101527 0.000335272 4.18124e-05
2.48844 0.705922 0.0999768 2.48831 0.705908 0.0999906 0.00101863 0.00033569 4.21853e-05
2.4955 0.706922 0.0999762 2.49537 0.706908 0.0999906 0.00102198 0.000336112 4.13436e-05
2.50257 0.707922 0.099975 2.50244 0.707908 0.0999903 0.00102534 0.000336525 4.08438e-05
2.50965 0.708921 0.0999767 2.50952 0.708908 0.09999 0.00102871 0.000336934 4.11519e-05
2.51674 0.709921 0.0999786 2.51661 0.709908 0.0999886 0.00103208 0.000337345 4.06406e-05
2.52384 0.710921 0.0999785 2.52371 0.710908 0.0999886 0.00103545 0.000337752 4.09902e-05
2.53095 0.711921 0.0999791 2.53082 0.711908 0.0999873 0.00103883 0.000338161 4.09382e-05
2.53807 0.712921 0.0999771 2.53793 0.712908 0.0999876 0.00104221 0.000338571 4.02348e-05
2.5452 0.71392 0.0999755 2.54506 0.713907 0.0999886 0.0010456 0.000338973 4.08989e-05
2.55234 0.71492 0.0999726 2.5522 0.714907 0.0999901 0.00104899 0.000339382 3.86234e-05
2.55949 0.71592 0.0999721 2.55935 0.715907 0.099989 0.00105238 0.000339768 3.94992e-05
2.56665 0.71692 0.0999723 2.56651 0.716907 0.0999897 0.00105578 0.000340163 3.96087e-05
2.57381 0.717919 0.0999724 2.57368 0.717907 0.0999893 0.00105918 0.000340559 3.97973e-05
2.58099 0.718919 0.0999723 2.58086 0.718907 0.0999878 0.00106259 0.000340957 4.07164e-05
2.58818 0.719919 0.0999707 2.58805 0.719907 0.0999882 0.001066 0.000341365 4.03358e-05
2.59538 0.720918 0.0999701 2.59525 0.720907 0.0999896 0.00106941 0.000341768 4.05042e-05
2.60259 0.721918 0.0999707 2.60246 0.721907 0.099989 0.00107283 0.000342173 3.87975e-05
2.60981 0.722918 0.09997 2.60968 0.722906 0.0999899 0.00107625 0.000342561 3.98785e-05
2.61704 0.723918 0.0999698 2.6169 0.723906 0.0999911 0.00107967 0.00034296 3.85815e-05
2.62428 0.724917 0.099969 2.62414 0.724906 0.0999907 0.0010831 0.000343346 3.88473e-05
2.63153 0.725917 0.0999686 2.63139 0.725906 0.0999892 0.00108654 0.000343734 3.68328e-05
2.63879 0.726917 0.0999686 2.63865 0.726906 0.0999895 0.00108997 0.000344102 3.75668e-05
2.64606 0.727916 0.0999685 2.64592 0.727906 0.0999905 0.00109342 0.000344478 3.59886e-05
2.65334 0.728916 0.0999683 2.6532 0.728906 0.0999899 0.00109686 0.000344838 3.62295e-05
2.66063 0.729916 0.0999683 2.66049 0.729906 0.0999907 0.00110031 0.0003452 3.46174e-05
2.66792 0.730915 0.0999681 2.66779 0.730906 0.0999901 0.00110376 0.000345546 3.49315e-05
2.67523 0.731915 0.0999682 2.6751 0.731906 0.0999898 0.00110722 0.000345896 3.47497e-05
2.68255 0.732915 0.0999674 2.68242 0.732905 0.0999897 0.00111068 0.000346243 3.51943e-05
2.68988 0.733914 0.0999669 2.68974 0.733905 0.0999889 0.00111414 0.000346595 3.52314e-05
2.69722 0.734914 0.0999665 2.69708 0.734905 0.0999878 0.0011176 0.000346947 3.60888e-05
2.70457 0.735914 0.0999668 2.70443 0.735905 0.0999887 0.00112107 0.000347308 3.71565e-05
2.71193 0.736913 0.0999669 2.71179 0.736905 0.0999878 0.00112455 0.00034768 3.68502e-05
2.7193 0.737913 0.099967 2.71916 0.737905 0.0999879 0.00112802 0.000348048 3.7038e-05
2.72668 0.738913 0.0999675 2.72654 0.738905 0.0999882 0.0011315 0.000348419 3.61652e-05
2.73407 0.739912 0.0999677 2.73393 0.739905 0.099986 0.00113499 0.00034878 3.74486e-05
2.74147 0.740912 0.099967 2.74133 0.740905 0.0999867 0.00113848 0.000349155 3.7865e-05
2.74887 0.741912 0.0999676 2.74874 0.741904 0.0999855 0.00114197 0.000349534 3.83173e-05
2.75629 0.742911 0.0999668 2.75616 0.742904 0.0999852 0.00114546 0.000349917 3.93636e-05
2.76372 0.743911 0.0999656 2.76359 0.743904 0.0999862 0.00114896 0.00035031 3.8685e-05
2.77116 0.744911 0.0999665 2.77102 0.744904 0.0999857 0.00115246 0.000350697 3.87727e-05
2.77861 0.74591 0.0999672 2.77847 0.745904 0.0999845 0.00115597 0.000351085 3.85724e-05
2.78607 0.74691 0.0999691 2.78593 0.746904 0.0999845 0.00115948 0.000351471 3.72302e-05
2.79354 0.74791 0.0999687 2.7934 0.747903 0.0999843 0.001163 0.000351843 3.73915e-05
2.80102 0.748909 0.099968 2.80088 0.748903 0.099985 0.00116652 0.000352217 3.5462e-05
2.80851 0.749909 0.0999688 2.80837 0.749903 0.0999853 0.00117004 0.000352572 3.51115e-05
2.81601 0.750909 0.0999668 2.81587 0.750903 0.0999847 0.00117356 0.000352923 3.55845e-05
2.82352 0.751909 0.0999664 2.82338 0.751903 0.0999862 0.00117709 0.000353278 3.54184e-05
2.83103 0.752908 0.0999661 2.8309 0.752903 0.0999869 0.00118063 0.000353633 3.52194e-05
2.83856 0.753908 0.0999658 2.83843 0.753903 0.0999864 0.00118416 0.000353985 3.59929e-05
2.8461 0.754908 0.0999661 2.84596 0.754902 0.0999845 0.0011877 0.000354345 3.59379e-05
2.85365 0.755907 0.0999645 2.85351 0.755902 0.0999844 0.00119125 0.000354704 3.75224e-05
2.86121 0.756907 0.0999649 2.86107 0.756902 0.0999849 0.00119479 0.000355079 3.67296e-05
2.86878 0.757906 0.0999666 2.86864 0.757902 0.0999851 0.00119834 0.000355447 3.83562e-05
2.87636 0.758906 0.0999661 2.87622 0.758902 0.0999851 0.0012019 0.00035583 3.94449e-05
2.88395 0.759906 0.0999666 2.88381 0.759902 0.0999836 0.00120546 0.000356225 4.10236e-05
2.89155 0.760905 0.0999657 2.89141 0.760902 0.0999821 0.00120902 0.000356635 4.20585e-05
2.89916 0.761905 0.0999634 2.89902 0.761901 0.0999832 0.00121258 0.000357056 4.08396e-05
2.90678 0.762905 0.0999647 2.90664 0.762901 0.099983 0.00121616 0.000357464 4.02134e-05
2.9144 0.763904 0.0999638 2.91427 0.763901 0.0999838 0.00121973 0.000357866 3.96105e-05
2.92204 0.764904 0.0999653 2.9219 0.764901 0.0999833 0.00122331 0.000358262 3.87411e-05
2.92969 0.765904 0.0999653 2.92955 0.765901 0.0999836 0.00122689 0.00035865 3.7736e-05
2.93735 0.766903 0.0999646 2.93721 0.766901 0.0999839 0.00123048 0.000359027 3.654e-05
2.94502 0.767903 0.0999658 2.94488 0.7679 0.0999834 0.00123407 0.000359392 3.71836e-05
2.9527 0.768903 0.0999669 2.95256 0.7689 0.0999856 0.00123766 0.000359764 3.77422e-05
2.96039 0.769902 0.0999671 2.96025 0.7699 0.099985 0.00124126 0.000360142 3.74296e-05
2.96809 0.770902 0.0999672 2.96795 0.7709 0.0999857 0.00124486 0.000360516 3.77864e-05
2.9758 0.771902 0.099967 2.97566 0.7719 0.0999852 0.00124847 0.000360894 3.66697e-05
2.98352 0.772901 0.0999655 2.98338 0.7729 0.0999842 0.00125207 0.00036126 3.66097e-05
2.99124 0.773901 0.0999673 2.99111 0.773899 0.0999835 0.00125569 0.000361627 3.54554e-05
2.99898 0.774901 0.0999667 2.99884 0.774899 0.0999826 0.0012593 0.000361981 3.57439e-05
3.00673 0.7759 0.0999691 3.00659 0.775899 0.0999826 0.00126292 0.000362339 3.58803e-05
3.01449 0.7769 0.0999694 3.01435 0.776899 0.0999825 0.00126655 0.000362697 3.46498e-05
3.02226 0.7779 0.0999709 3.02212 0.777899 0.0999839 0.00127017 0.000363044 3.34855e-05
3.03004 0.778899 0.0999698 3.0299 0.778899 0.0999842 0.0012738 0.000363379 3.27211e-05
3.03783 0.779899 0.0999693 3.03769 0.779898 0.0999829 0.00127744 0.000363706 2.9715e-05
3.04563 0.780899 0.0999699 3.04549 0.780898 0.0999846 0.00128108 0.000364003 3.03223e-05
3.05344 0.781899 0.0999695 3.0533 0.781898 0.0999842 0.00128472 0.000364306 2.91131e-05
3.06126 0.782898 0.0999679 3.06112 0.782898 0.0999841 0.00128836 0.000364597 2.90936e-05
3.06908 0.783898 0.0999681 3.06895 0.783898 0.0999833 0.001292 0.000364888 2.77151e-05
3.07692 0.784898 0.0999677 3.07678 0.784898 0.0999812 0.00129565 0.000365165 2.80828e-05
3.08477 0.785897 0.0999693 3.08463 0.785897 0.0999813 0.0012993 0.000365446 2.85757e-05
3.09263 0.786897 0.0999699 3.09249 0.786897 0.0999803 0.00130296 0.000365732 2.93192e-05
3.1005 0.787897 0.099971 3.10036 0.787897 0.0999808 0.00130662 0.000366025 3.07965e-05
3.10838 0.788896 0.0999708 3.10824 0.788897 0.0999819 0.00131028 0.000366333 2.9372e-05
3.11627 0.789896 0.099971 3.11613 0.789897 0.0999803 0.00131394 0.000366627 2.89235e-05
3.12417 0.790896 0.0999708 3.12403 0.790897 0.0999821 0.00131761 0.000366916 2.88387e-05
3.13208 0.791895 0.0999716 3.13194 0.791896 0.099982 0.00132128 0.000367205 2.91487e-05
3.14 0.792895 0.0999704 3.13986 0.792896 0.09998 0.00132495 0.000367496 2.8304e-05
3.14792 0.793895 0.0999703 3.14779 0.793896 0.0999777 0.00132862 0.000367779 2.72073e-05
3.15586 0.794895 0.0999704 3.15572 0.794896 0.0999782 0.0013323 0.000368051 2.70876e-05
3.16381 0.795894 0.0999715 3.16367 0.795896 0.0999788 0.00133598 0.000368322 2.77069e-05
3.17177 0.796894 0.099971 3.17163 0.796895 0.099979 0.00133966 0.000368599 2.85401e-05
3.17974 0.797894 0.099973 3.1796 0.797895 0.0999788 0.00134335 0.000368885 2.74868e-05
3.18772 0.798893 0.0999733 3.18758 0.798895 0.0999785 0.00134704 0.000369159 2.67962e-05
3.19571 0.799893 0.0999732 3.19557 0.799895 0.0999776 0.00135073 0.000369427 2.49081e-05
3.20371 0.800893 0.0999702 3.20357 0.800894 0.0999763 0.00135442 0.000369676 2.37586e-05
3.21172 0.801893 0.099969 3.21158 0.801894 0.0999761 0.00135812 0.000369914 2.32662e-05
3.21973 0.802892 0.0999671 3.2196 0.802894 0.0999768 0.00136182 0.000370147 2.36892e-05
3.22776 0.803892 0.0999694 3.22762 0.803894 0.099975 0.00136552 0.000370384 2.40452e-05
3.2358 0.804892 0.0999711 3.23566 0.804893 0.0999764 0.00136923 0.000370624 2.37352e-05
3.24385 0.805891 0.0999696 3.24371 0.805893 0.0999761 0.00137293 0.000370861 2.43035e-05
3.25191 0.806891 0.0999689 3.25177 0.806893 0.0999759 0.00137664 0.000371104 2.47408e-05
3.25998 0.807891 0.0999679 3.25984 0.807893 0.0999768 0.00138035 0.000371352 2.56057e-05
3.26806 0.80889 0.0999674 3.26792 0.808893 0.0999768 0.00138407 0.000371608 2.5928e-05
3.27615 0.80989 0.0999695 3.27601 0.809892 0.0999784 0.00138778 0.000371867 2.51498e-05
3.28425 0.81089 0.0999684 3.28411 0.810892 0.0999789 0.0013915 0.000372119 2.58001e-05
3.29236 0.81189 0.0999682 3.29222 0.811892 0.0999795 0.00139522 0.000372377 2.37239e-05
3.30047 0.812889 0.0999674 3.30034 0.812892 0.0999788 0.00139895 0.000372614 2.4334e-05
3.3086 0.813889 0.0999661 3.30846 0.813891 0.0999771 0.00140267 0.000372857 2.51818e-05
3.31674 0.814889 0.0999661 3.3166 0.814891 0.0999776 0.0014064 0.000373109 2.46225e-05
3.32489 0.815888 0.0999664 3.32475 0.815891 0.0999793 0.00141013 0.000373355 2.31337e-05
3.33305 0.816888 0.0999669 3.33291 0.816891 0.0999792 0.00141386 0.000373587 2.30178e-05
3.34122 0.817888 0.0999679 3.34108 0.817891 0.0999792 0.0014176 0.000373817 2.36041e-05
3.3494 0.818887 0.0999687 3.34926 0.81889 0.0999795 0.00142134 0.000374053 2.46224e-05
3.35759 0.819887 0.0999678 3.35745 0.81989 0.0999791 0.00142508 0.000374299 2.44768e-05
3.36579 0.820887 0.0999695 3.36565 0.82089 0.0999787 0.00142882 0.000374544 2.43411e-05
3.37399 0.821886 0.0999698 3.37386 0.82189 0.099978 0.00143257 0.000374787 2.51222e-05
3.38221 0.822886 0.0999696 3.38207 0.82289 0.0999782 0.00143632 0.000375038 2.40762e-05
3.39044 0.823886 0.099969 3.3903 0.823889 0.099978 0.00144007 0.000375279 2.26032e-05
3.39868 0.824885 0.0999691 3.39854 0.824889 0.0999781 0.00144382 0.000375505 2.30602e-05
3.40693 0.825885 0.0999696 3.40679 0.825889 0.0999782 0.00144757 0.000375736 2.18184e-05
3.41519 0.826885 0.0999708 3.41505 0.826889 0.0999777 0.00145133 0.000375954 2.02268e-05
3.42346 0.827884 0.0999704 3.42332 0.827888 0.0999758 0.00145509 0.000376156 2.05012e-05
3.43174 0.828884 0.099971 3.4316 0.828888 0.0999748 0.00145885 0.000376361 1.96357e-05
3.44002 0.829884 0.0999719 3.43989 0.829888 0.0999746 0.00146262 0.000376558 1.86957e-05
3.44832 0.830884 0.0999733 3.44819 0.830888 0.0999741 0.00146638 0.000376745 1.87558e-05
3.45663 0.831883 0.0999726 3.45649 0.831887 0.0999747 0.00147015 0.000376932 1.96699e-05
3.46495 0.832883 0.0999742 3.46481 0.832887 0.0999749 0.00147392 0.000377129 1.93714e-05
3.47328 0.833883 0.0999746 3.47314 0.833887 0.0999756 0.00147769 0.000377323 1.95759e-05
3.48162 0.834883 0.099973 3.48148 0.834887 0.0999748 0.00148146 0.000377518 1.90377e-05
3.48997 0.835882 0.0999726 3.48983 0.835886 0.0999742 0.00148524 0.000377709 1.89858e-05
3.49833 0.836882 0.0999707 3.49819 0.836886 0.0999734 0.00148901 0.000377899 1.89624e-05
3.5067 0.837882 0.0999716 3.50656 0.837886 0.0999726 0.00149279 0.000378088 1.7958e-05
3.51507 0.838881 0.0999703 3.51494 0.838886 0.0999723 0.00149657 0.000378268 1.66397e-05
3.52346 0.839881 0.0999712 3.52333 0.839885 0.0999719 0.00150036 0.000378434 1.69959e-05
3.53186 0.840881 0.099971 3.53172 0.840885 0.099972 0.00150414 0.000378604 1.75178e-05
3.54027 0.841881 0.0999716 3.54013 0.841885 0.0999718 0.00150793 0.000378779 1.78286e-05
3.54869 0.84288 0.0999725 3.54855 0.842885 0.0999696 0.00151172 0.000378958 1.69125e-05
3.55712 0.84388 0.0999721 3.55698 0.843884 0.0999692 0.00151551 0.000379127 1.63242e-05
3.56556 0.84488 0.0999735 3.56542 0.844884 0.0999695 0.0015193 0.00037929 1.62219e-05
3.57401 0.845879 0.0999748 3.57387 0.845884 0.0999683 0.00152309 0.000379452 1.75067e-05
3.58246 0.846879 0.0999771 3.58233 0.846883 0.0999695 0.00152688 0.000379627 1.88391e-05
3.59093 0.847879 0.0999777 3.5908 0.847883 0.0999677 0.00153068 0.000379816 1.86034e-05
3.59941 0.848879 0.0999761 3.59927 0.848883 0.099967 0.00153448 0.000380002 2.0659e-05
3.6079 0.849878 0.0999751 3.60776 0.849882 0.0999675 0.00153828 0.000380208 1.9726e-05
3.6164 0.850878 0.0999742 3.61626 0.850882 0.099967 0.00154208 0.000380406 2.06869e-05
3.62491 0.851878 0.0999731 3.62477 0.851882 0.0999665 0.00154588 0.000380612 2.13452e-05
3.63343 0.852878 0.0999713 3.63329 0.852881 0.0999662 0.00154969 0.000380826 2.08925e-05
3.64196 0.853877 0.0999735 3.64182 0.853881 0.0999665 0.0015535 0.000381035 1.89238e-05
3.65049 0.854877 0.0999732 3.65036 0.854881 0.0999669 0.00155731 0.000381224 1.86373e-05
3.65904 0.855877 0.0999748 3.65891 0.85588 0.099965 0.00156112 0.00038141 1.69998e-05
3.6676 0.856877 0.0999753 3.66747 0.85688 0.0999653 0.00156494 0.00038158 1.68029e-05
3.67617 0.857876 0.0999752 3.67603 0.85788 0.0999649 0.00156875 0.000381748 1.80764e-05
3.68475 0.858876 0.099974 3.68461 0.858879 0.0999651 0.00157257 0.000381929 1.7759e-05
3.69334 0.859876 0.0999728 3.6932 0.859879 0.0999661 0.00157639 0.000382107 1.73245e-05
3.70194 0.860876 0.0999728 3.7018 0.860879 0.0999653 0.00158021 0.00038228 1.67888e-05
3.71055 0.861875 0.0999722 3.71041 0.861878 0.0999649 0.00158403 0.000382448 1.66049e-05
3.71916 0.862875 0.0999742 3.71903 0.862878 0.0999656 0.00158786 0.000382614 1.77942e-05
3.72779 0.863875 0.0999754 3.72766 0.863878 0.0999663 0.00159168 0.000382792 1.6223e-05
3.73643 0.864875 0.0999749 3.7363 0.864877 0.0999673 0.00159551 0.000382954 1.55814e-05
3.74508 0.865874 0.0999763 3.74494 0.865877 0.0999664 0.00159934 0.00038311 1.48089e-05
3.75374 0.866874 0.0999758 3.7536 0.866877 0.0999662 0.00160317 0.000383258 1.61826e-05
3.76241 0.867874 0.0999749 3.76227 0.867876 0.0999664 0.001607 0.00038342 1.34379e-05
3.77109 0.868874 0.099975 3.77095 0.868876 0.0999666 0.00161084 0.000383554 1.42893e-05
3.77978 0.869873 0.0999758 3.77964 0.869876 0.0999649 0.00161467 0.000383697 1.37549e-05
3.78847 0.870873 0.099976 3.78834 0.870875 0.0999654 0.00161851 0.000383835 1.28011e-05
3.79718 0.871873 0.0999752 3.79705 0.871875 0.0999653 0.00162235 0.000383963 1.26847e-05
3.8059 0.872873 0.0999743 3.80577 0.872874 0.0999644 0.00162619 0.00038409 1.26595e-05
3.81463 0.873872 0.0999761 3.81449 0.873874 0.0999643 0.00163003 0.000384216 1.23471e-05
3.82337 0.874872 0.0999771 3.82323 0.874874 0.0999638 0.00163387 0.00038434 1.30418e-05
3.83212 0.875872 0.0999767 3.83198 0.875873 0.099964 0.00163771 0.00038447 1.34618e-05
3.84088 0.876872 0.0999767 3.84074 0.876873 0.099966 0.00164156 0.000384605 1.46118e-05
3.84965 0.877871 0.0999759 3.84951 0.877873 0.0999664 0.00164541 0.000384751 1.60235e-05
3.85842 0.878871 0.0999754 3.85829 0.878872 0.099966 0.00164925 0.000384911 1.7021e-05
3.86721 0.879871 0.0999764 3.86708 0.879872 0.099967 0.0016531 0.000385081 1.80562e-05
3.87601 0.880871 0.0999757 3.87588 0.880872 0.0999663 0.00165695 0.000385262 1.86895e-05
3.88482 0.88187 0.0999752 3.88468 0.881871 0.0999665 0.00166081 0.000385449 1.6277e-05
3.89364 0.88287 0.0999762 3.8935 0.882871 0.0999667 0.00166466 0.000385611 1.53914e-05
3.90247 0.88387 0.0999751 3.90233 0.883871 0.0999666 0.00166852 0.000385765 1.5925e-05
3.91131 0.88487 0.0999758 3.91117 0.88487 0.0999671 0.00167237 0.000385925 1.57788e-05
3.92016 0.885869 0.0999753 3.92002 0.88587 0.0999675 0.00167623 0.000386082 1.62834e-05
3.92901 0.886869 0.0999762 3.92888 0.88687 0.0999658 0.00168009 0.000386245 1.50108e-05
3.93788 0.887869 0.0999774 3.93775 0.887869 0.0999652 0.00168396 0.000386395 1.36159e-05
3.94676 0.888869 0.099976 3.94663 0.888869 0.0999652 0.00168782 0.000386531 1.28161e-05
3.95565 0.889868 0.0999756 3.95551 0.889869 0.0999635 0.00169169 0.00038666 1.15838e-05
3.96455 0.890868 0.0999749 3.96441 0.890868 0.0999633 0.00169555 0.000386775 1.10501e-05
3.97346 0.891868 0.0999753 3.97332 0.891868 0.0999638 0.00169942 0.000386886 1.34147e-05
3.98238 0.892868 0.0999757 3.98224 0.892868 0.0999648 0.00170329 0.00038702 1.32115e-05
3.99131 0.893868 0.0999769 3.99117 0.893867 0.0999654 0.00170716 0.000387152 1.30736e-05
4.00024 0.894867 0.0999754 4.00011 0.894867 0.099965 0.00171103 0.000387283 1.44125e-05
4.00919 0.895867 0.0999758 4.00906 0.895867 0.0999641 0.0017149 0.000387427 1.55168e-05
4.01815 0.896867 0.0999756 4.01801 0.896866 0.0999624 0.00171878 0.000387582 1.47447e-05
4.02712 0.897867 0.0999788 4.02698 0.897866 0.0999627 0.00172265 0.00038773 1.40639e-05
4.0361 0.898866 0.0999769 4.03596 0.898865 0.0999633 0.00172653 0.00038787 1.32147e-05
4.04509 0.899866 0.0999784 4.04495 0.899865 0.0999642 0.00173041 0.000388003 1.27358e-05
4.05409 0.900866 0.0999794 4.05395 0.900865 0.0999648 0.00173429 0.00038813 1.30302e-05
4.06309 0.901866 0.0999783 4.06296 0.901864 0.0999659 0.00173817 0.00038826 1.29147e-05
4.07211 0.902865 0.0999796 4.07198 0.902864 0.0999654 0.00174205 0.000388389 1.41201e-05
4.08114 0.903865 0.099981 4.08101 0.903864 0.0999663 0.00174594 0.000388531 1.54884e-05
4.09018 0.904865 0.0999796 4.09004 0.904863 0.0999681 0.00174982 0.000388685 1.50221e-05
4.09923 0.905865 0.0999808 4.09909 0.905863 0.0999675 0.00175371 0.000388836 1.43369e-05
4.10829 0.906865 0.0999809 4.10815 0.906863 0.0999674 0.0017576 0.000388979 1.41916e-05
4.11736 0.907864 0.0999817 4.11722 0.907862 0.0999668 0.00176149 0.000389121 1.45508e-05
4.12643 0.908864 0.0999811 4.1263 0.908862 0.0999661 0.00176538 0.000389266 1.39012e-05
4.13552 0.909864 0.0999813 4.13539 0.909862 0.0999673 0.00176927 0.000389405 1.56422e-05
4.14462 0.910864 0.0999802 4.14449 0.910861 0.0999662 0.00177317 0.000389562 1.58095e-05
4.15373 0.911864 0.0999815 4.15359 0.911861 0.0999658 0.00177706 0.00038972 1.63349e-05
4.16285 0.912864 0.0999827 4.16271 0.912861 0.0999659 0.00178096 0.000389883 1.71395e-05
4.17198 0.913863 0.0999831 4.17184 0.91386 0.0999653 0.00178486 0.000390055 1.75525e-05
4.18112 0.914863 0.0999835 4.18098 0.91486 0.0999647 0.00178876 0.00039023 1.94715e-05
4.19027 0.915863 0.0999832 4.19013 0.91586 0.0999645 0.00179266 0.000390425 2.00921e-05
4.19942 0.916863 0.0999836 4.19929 0.916859 0.0999648 0.00179656 0.000390626 2.01114e-05
4.20859 0.917863 0.0999837 4.20846 0.917859 0.0999644 0.00180047 0.000390827 1.83212e-05
4.21777 0.918863 0.0999829 4.21763 0.918859 0.0999627 0.00180438 0.00039101 1.76278e-05
4.22696 0.919862 0.099985 4.22682 0.919858 0.0999632 0.00180829 0.000391186 1.8065e-05
4.23616 0.920862 0.0999832 4.23602 0.920858 0.0999649 0.0018122 0.000391367 1.75337e-05
4.24537 0.921862 0.0999841 4.24523 0.921857 0.0999638 0.00181611 0.000391542 1.73298e-05
4.25459 0.922862 0.0999834 4.25445 0.922857 0.099965 0.00182003 0.000391716 1.67449e-05
4.26381 0.923862 0.0999829 4.26368 0.923857 0.0999657 0.00182395 0.000391883 1.67532e-05
4.27305 0.924862 0.0999824 4.27292 0.924856 0.0999649 0.00182787 0.000392051 1.75914e-05
4.2823 0.925861 0.0999823 4.28216 0.925856 0.0999633 0.00183179 0.000392227 1.86255e-05
4.29156 0.926861 0.0999821 4.29142 0.926856 0.0999639 0.00183571 0.000392413 2.04037e-05
4.30083 0.927861 0.0999823 4.30069 0.927855 0.0999636 0.00183963 0.000392617 2.17009e-05
4.31011 0.928861 0.0999848 4.30997 0.928855 0.0999626 0.00184356 0.000392834 2.07373e-05
4.3194 0.929861 0.0999855 4.31926 0.929855 0.0999627 0.00184749 0.000393041 2.20113e-05
4.32869 0.930861 0.0999859 4.32856 0.930854 0.0999644 0.00185142 0.000393261 2.2153e-05
4.338 0.93186 0.0999857 4.33787 0.931854 0.0999653 0.00185535 0.000393483 2.06718e-05
4.34732 0.93286 0.099986 4.34718 0.932854 0.0999652 0.00185929 0.00039369 2.32314e-05
4.35665 0.93386 0.0999875 4.35651 0.933853 0.0999647 0.00186322 0.000393922 2.33691e-05
4.36599 0.93486 0.099987 4.36585 0.934853 0.0999655 0.00186716 0.000394156 2.31805e-05
4.37534 0.93586 0.0999868 4.3752 0.935852 0.0999651 0.0018711 0.000394387 2.39333e-05
4.3847 0.93686 0.0999875 4.38456 0.936852 0.0999648 0.00187505 0.000394627 2.64213e-05
4.39406 0.93786 0.0999876 4.39393 0.937852 0.0999647 0.00187899 0.000394891 2.61765e-05
4.40344 0.938859 0.0999858 4.40331 0.938851 0.0999636 0.00188294 0.000395153 2.74423e-05
4.41283 0.939859 0.0999859 4.41269 0.939851 0.0999619 0.00188689 0.000395427 2.73035e-05
4.42223 0.940859 0.0999852 4.42209 0.940851 0.099962 0.00189085 0.0003957 2.76302e-05
4.43164 0.941859 0.0999862 4.4315 0.94185 0.0999618 0.0018948 0.000395977 2.83852e-05
4.44106 0.942859 0.0999835 4.44092 0.94285 0.0999615 0.00189876 0.00039626 2.73262e-05
4.45049 0.943859 0.0999846 4.45035 0.94385 0.0999635 0.00190273 0.000396534 2.92923e-05
4.45993 0.944859 0.0999837 4.45979 0.944849 0.0999616 0.00190669 0.000396827 2.94742e-05
4.46937 0.945858 0.099984 4.46923 0.945849 0.099961 0.00191066 0.000397121 2.99732e-05
4.47883 0.946858 0.0999844 4.47869 0.946848 0.0999613 0.00191463 0.000397421 3.07534e-05
4.4883 0.947858 0.0999857 4.48816 0.947848 0.0999604 0.00191861 0.000397729 3.2399e-05
4.49778 0.948858 0.0999856 4.49764 0.948848 0.0999602 0.00192258 0.000398053 3.33928e-05
4.50727 0.949858 0.0999858 4.50713 0.949847 0.0999616 0.00192656 0.000398387 3.25566e-05
4.51677 0.950858 0.0999864 4.51663 0.950847 0.0999608 0.00193055 0.000398712 3.32736e-05
4.52628 0.951858 0.0999871 4.52614 0.951846 0.0999596 0.00193453 0.000399045 3.43653e-05
4.53579 0.952857 0.0999881 4.53565 0.952846 0.09996 0.00193853 0.000399388 3.34913e-05
4.54532 0.953857 0.0999864 4.54518 0.953846 0.0999619 0.00194252 0.000399723 3.23257e-05
4.55486 0.954857 0.0999849 4.55472 0.954845 0.099962 0.00194652 0.000400047 3.24904e-05
4.56441 0.955857 0.099985 4.56427 0.955845 0.0999613 0.00195052 0.000400372 3.1859e-05
4.57397 0.956857 0.0999861 4.57383 0.956844 0.0999628 0.00195452 0.00040069 3.19411e-05
4.58354 0.957857 0.0999857 4.5834 0.957844 0.0999642 0.00195853 0.00040101 3.2311e-05
4.59312 0.958857 0.099986 4.59297 0.958844 0.0999637 0.00196254 0.000401333 3.30322e-05
4.6027 0.959856 0.0999861 4.60256 0.959843 0.0999606 0.00196655 0.000401663 3.3278e-05
4.6123 0.960856 0.0999864 4.61216 0.960843 0.0999624 0.00197057 0.000401996 3.40714e-05
4.62191 0.961856 0.0999857 4.62177 0.961843 0.0999635 0.00197459 0.000402336 3.56277e-05
4.63153 0.962856 0.099986 4.63139 0.962842 0.099965 0.00197861 0.000402693 3.72372e-05
4.64116 0.963856 0.0999865 4.64102 0.963842 0.0999652 0.00198264 0.000403065 3.76111e-05
4.6508 0.964856 0.099986 4.65066 0.964842 0.0999646 0.00198667 0.000403441 3.88596e-05
4.66045 0.965856 0.0999855 4.6603 0.965841 0.0999641 0.0019907 0.00040383 3.76063e-05
4.6701 0.966855 0.0999855 4.66996 0.966841 0.0999645 0.00199474 0.000404206 3.8568e-05
4.67977 0.967855 0.0999833 4.67963 0.96784 0.0999631 0.00199878 0.000404592 3.93424e-05
4.68945 0.968855 0.0999837 4.68931 0.96884 0.0999626 0.00200283 0.000404985 3.84819e-05
4.69914 0.969855 0.0999843 4.699 0.96984 0.0999623 0.00200688 0.00040537 3.8104e-05
4.70884 0.970855 0.0999849 4.7087 0.970839 0.0999617 0.00201093 0.000405751 3.81146e-05
4.71855 0.971855 0.099986 4.7184 0.971839 0.0999611 0.00201499 0.000406132 3.95797e-05
4.72826 0.972855 0.0999839 4.72812 0.972839 0.0999596 0.00201905 0.000406528 4.06511e-05
4.73799 0.973854 0.0999832 4.73785 0.973838 0.0999592 0.00202312 0.000406934 4.00764e-05
4.74773 0.974854 0.099982 4.74759 0.974838 0.0999592 0.00202719 0.000407335 3.81193e-05
4.75748 0.975854 0.0999815 4.75734 0.975837 0.0999594 0.00203126 0.000407716 3.97413e-05
4.76724 0.976854 0.0999807 4.7671 0.976837 0.09996 0.00203534 0.000408114 4.03836e-05
4.77701 0.977854 0.099982 4.77686 0.977837 0.0999615 0.00203942 0.000408518 4.05094e-05
4.78679 0.978853 0.0999825 4.78664 0.978836 0.0999596 0.0020435 0.000408923 4.0366e-05
4.79657 0.979853 0.0999845 4.79643 0.979836 0.0999614 0.00204759 0.000409326 4.0141e-05
4.80637 0.980853 0.0999844 4.80623 0.980835 0.0999614 0.00205169 0.000409728 3.97789e-05
4.81618 0.981853 0.0999829 4.81604 0.981835 0.0999613 0.00205578 0.000410125 4.08316e-05
4.826 0.982853 0.0999833 4.82586 0.982835 0.0999613 0.00205988 0.000410534 4.10445e-05
4.83583 0.983853 0.0999821 4.83568 0.983834 0.0999616 0.00206399 0.000410944 4.13384e-05
4.84567 0.984852 0.0999816 4.84552 0.984834 0.0999621 0.0020681 0.000411358 4.2245e-05
4.85552 0.985852 0.0999798 4.85537 0.985833 0.0999613 0.00207221 0.00041178 4.24946e-05
4.86537 0.986852 0.0999799 4.86523 0.986833 0.0999605 0.00207633 0.000412205 4.2866e-05
4.87524 0.987852 0.0999798 4.8751 0.987833 0.0999604 0.00208045 0.000412634 4.32097e-05
4.88512 0.988852 0.0999799 4.88498 0.988832 0.0999598 0.00208458 0.000413066 4.27634e-05
4.89501 0.989851 0.099981 4.89486 0.989832 0.0999599 0.00208871 0.000413493 4.11189e-05
4.90491 0.990851 0.0999815 4.90476 0.990832 0.099958 0.00209284 0.000413905 4.33522e-05
4.91482 0.991851 0.0999811 4.91467 0.991831 0.0999577 0.00209698 0.000414338 4.3929e-05
4.92474 0.992851 0.0999801 4.92459 0.992831 0.0999573 0.00210113 0.000414777 4.40652e-05
4.93466 0.993851 0.0999804 4.93452 0.99383 0.0999551 0.00210527 0.000415218 4.32496e-05
4.9446 0.994851 0.0999822 4.94446 0.99483 0.0999545 0.00210943 0.000415651 4.38692e-05
4.95455 0.99585 0.0999837 4.9544 0.995829 0.0999536 0.00211358 0.000416089 4.3995e-05
4.96451 0.99685 0.0999825 4.96436 0.996829 0.0999528 0.00211774 0.000416529 4.3238e-05
4.97448 0.99785 0.0999816 4.97433 0.997828 0.0999526 0.00212191 0.000416962 4.4963e-05
4.98446 0.99885 0.0999824 4.98431 0.998828 0.0999528 0.00212608 0.000417411 4.42919e-05
4.99445 0.99985 0.0999828 4.9943 0.999827 0.0999519 0.00213025 0.000417854 4.29047e-05
